BEGIN parameter_data TABLE  
 nrow=441 ncol=8 columnlabels 
 ParamName StartValue           GroupName   BetaAssoc   SenMethod	x1 	   x2 	     x3 
P1	2.000000000000000E-04	pargp_uno	1	1	1.0000E+00	1.000E+00	0.00E+00			
P2	2.000000000000000E-04	pargp_uno	1	1	2.0000E+00	1.000E+00	0.00E+00			
P3	2.000000000000000E-04	pargp_uno	1	1	3.0000E+00	1.000E+00	0.00E+00			
P4	2.000000000000000E-04	pargp_uno	1	1	4.0000E+00	1.000E+00	0.00E+00			
P5	2.000000000000000E-04	pargp_uno	1	1	5.0000E+00	1.000E+00	0.00E+00			
P6	2.000000000000000E-04	pargp_uno	1	1	6.0000E+00	1.000E+00	0.00E+00			
P7	2.000000000000000E-04	pargp_uno	1	1	7.0000E+00	1.000E+00	0.00E+00			
P8	2.000000000000000E-04	pargp_uno	1	1	8.0000E+00	1.000E+00	0.00E+00			
P9	2.000000000000000E-04	pargp_uno	1	1	9.0000E+00	1.000E+00	0.00E+00			
P10	2.000000000000000E-04	pargp_uno	1	1	1.0000E+01	1.000E+00	0.00E+00			
P11	2.000000000000000E-04	pargp_uno	1	1	1.1000E+01	1.000E+00	0.00E+00			
P12	2.000000000000000E-04	pargp_uno	1	1	1.2000E+01	1.000E+00	0.00E+00			
P13	2.000000000000000E-04	pargp_uno	1	1	1.3000E+01	1.000E+00	0.00E+00			
P14	2.000000000000000E-04	pargp_uno	1	1	1.4000E+01	1.000E+00	0.00E+00			
P15	2.000000000000000E-04	pargp_uno	1	1	1.5000E+01	1.000E+00	0.00E+00			
P16	2.000000000000000E-04	pargp_uno	1	1	1.6000E+01	1.000E+00	0.00E+00			
P17	2.000000000000000E-04	pargp_uno	1	1	1.7000E+01	1.000E+00	0.00E+00			
P18	2.000000000000000E-04	pargp_uno	1	1	1.8000E+01	1.000E+00	0.00E+00			
P19	2.000000000000000E-04	pargp_uno	1	1	1.9000E+01	1.000E+00	0.00E+00			
P20	2.000000000000000E-04	pargp_uno	1	1	2.0000E+01	1.000E+00	0.00E+00			
P21	2.000000000000000E-04	pargp_uno	1	1	2.1000E+01	1.000E+00	0.00E+00			
P22	2.000000000000000E-04	pargp_uno	1	1	1.0000E+00	2.000E+00	0.00E+00			
P23	2.000000000000000E-04	pargp_uno	1	1	2.0000E+00	2.000E+00	0.00E+00			
P24	2.000000000000000E-04	pargp_uno	1	1	3.0000E+00	2.000E+00	0.00E+00			
P25	2.000000000000000E-04	pargp_uno	1	1	4.0000E+00	2.000E+00	0.00E+00			
P26	2.000000000000000E-04	pargp_uno	1	1	5.0000E+00	2.000E+00	0.00E+00			
P27	2.000000000000000E-04	pargp_uno	1	1	6.0000E+00	2.000E+00	0.00E+00			
P28	2.000000000000000E-04	pargp_uno	1	1	7.0000E+00	2.000E+00	0.00E+00			
P29	2.000000000000000E-04	pargp_uno	1	1	8.0000E+00	2.000E+00	0.00E+00			
P30	2.000000000000000E-04	pargp_uno	1	1	9.0000E+00	2.000E+00	0.00E+00			
P31	2.000000000000000E-04	pargp_uno	1	1	1.0000E+01	2.000E+00	0.00E+00			
P32	2.000000000000000E-04	pargp_uno	1	1	1.1000E+01	2.000E+00	0.00E+00			
P33	2.000000000000000E-04	pargp_uno	1	1	1.2000E+01	2.000E+00	0.00E+00			
P34	2.000000000000000E-04	pargp_uno	1	1	1.3000E+01	2.000E+00	0.00E+00			
P35	2.000000000000000E-04	pargp_uno	1	1	1.4000E+01	2.000E+00	0.00E+00			
P36	2.000000000000000E-04	pargp_uno	1	1	1.5000E+01	2.000E+00	0.00E+00			
P37	2.000000000000000E-04	pargp_uno	1	1	1.6000E+01	2.000E+00	0.00E+00			
P38	2.000000000000000E-04	pargp_uno	1	1	1.7000E+01	2.000E+00	0.00E+00			
P39	2.000000000000000E-04	pargp_uno	1	1	1.8000E+01	2.000E+00	0.00E+00			
P40	2.000000000000000E-04	pargp_uno	1	1	1.9000E+01	2.000E+00	0.00E+00			
P41	2.000000000000000E-04	pargp_uno	1	1	2.0000E+01	2.000E+00	0.00E+00			
P42	2.000000000000000E-04	pargp_uno	1	1	2.1000E+01	2.000E+00	0.00E+00			
P43	2.000000000000000E-04	pargp_uno	1	1	1.0000E+00	3.000E+00	0.00E+00			
P44	2.000000000000000E-04	pargp_uno	1	1	2.0000E+00	3.000E+00	0.00E+00			
P45	2.000000000000000E-04	pargp_uno	1	1	3.0000E+00	3.000E+00	0.00E+00			
P46	2.000000000000000E-04	pargp_uno	1	1	4.0000E+00	3.000E+00	0.00E+00			
P47	2.000000000000000E-04	pargp_uno	1	1	5.0000E+00	3.000E+00	0.00E+00			
P48	2.000000000000000E-04	pargp_uno	1	1	6.0000E+00	3.000E+00	0.00E+00			
P49	2.000000000000000E-04	pargp_uno	1	1	7.0000E+00	3.000E+00	0.00E+00			
P50	2.000000000000000E-04	pargp_uno	1	1	8.0000E+00	3.000E+00	0.00E+00			
P51	2.000000000000000E-04	pargp_uno	1	1	9.0000E+00	3.000E+00	0.00E+00			
P52	2.000000000000000E-04	pargp_uno	1	1	1.0000E+01	3.000E+00	0.00E+00			
P53	2.000000000000000E-04	pargp_uno	1	1	1.1000E+01	3.000E+00	0.00E+00			
P54	2.000000000000000E-04	pargp_uno	1	1	1.2000E+01	3.000E+00	0.00E+00			
P55	2.000000000000000E-04	pargp_uno	1	1	1.3000E+01	3.000E+00	0.00E+00			
P56	2.000000000000000E-04	pargp_uno	1	1	1.4000E+01	3.000E+00	0.00E+00			
P57	2.000000000000000E-04	pargp_uno	1	1	1.5000E+01	3.000E+00	0.00E+00			
P58	2.000000000000000E-04	pargp_uno	1	1	1.6000E+01	3.000E+00	0.00E+00			
P59	2.000000000000000E-04	pargp_uno	1	1	1.7000E+01	3.000E+00	0.00E+00			
P60	2.000000000000000E-04	pargp_uno	1	1	1.8000E+01	3.000E+00	0.00E+00			
P61	2.000000000000000E-04	pargp_uno	1	1	1.9000E+01	3.000E+00	0.00E+00			
P62	2.000000000000000E-04	pargp_uno	1	1	2.0000E+01	3.000E+00	0.00E+00			
P63	2.000000000000000E-04	pargp_uno	1	1	2.1000E+01	3.000E+00	0.00E+00			
P64	2.000000000000000E-04	pargp_uno	1	1	1.0000E+00	4.000E+00	0.00E+00			
P65	2.000000000000000E-04	pargp_uno	1	1	2.0000E+00	4.000E+00	0.00E+00			
P66	2.000000000000000E-04	pargp_uno	1	1	3.0000E+00	4.000E+00	0.00E+00			
P67	2.000000000000000E-04	pargp_uno	1	1	4.0000E+00	4.000E+00	0.00E+00			
P68	2.000000000000000E-04	pargp_uno	1	1	5.0000E+00	4.000E+00	0.00E+00			
P69	2.000000000000000E-04	pargp_uno	1	1	6.0000E+00	4.000E+00	0.00E+00			
P70	2.000000000000000E-04	pargp_uno	1	1	7.0000E+00	4.000E+00	0.00E+00			
P71	2.000000000000000E-04	pargp_uno	1	1	8.0000E+00	4.000E+00	0.00E+00			
P72	2.000000000000000E-04	pargp_uno	1	1	9.0000E+00	4.000E+00	0.00E+00			
P73	2.000000000000000E-04	pargp_uno	1	1	1.0000E+01	4.000E+00	0.00E+00			
P74	2.000000000000000E-04	pargp_uno	1	1	1.1000E+01	4.000E+00	0.00E+00			
P75	2.000000000000000E-04	pargp_uno	1	1	1.2000E+01	4.000E+00	0.00E+00			
P76	2.000000000000000E-04	pargp_uno	1	1	1.3000E+01	4.000E+00	0.00E+00			
P77	2.000000000000000E-04	pargp_uno	1	1	1.4000E+01	4.000E+00	0.00E+00			
P78	2.000000000000000E-04	pargp_uno	1	1	1.5000E+01	4.000E+00	0.00E+00			
P79	2.000000000000000E-04	pargp_uno	1	1	1.6000E+01	4.000E+00	0.00E+00			
P80	2.000000000000000E-04	pargp_uno	1	1	1.7000E+01	4.000E+00	0.00E+00			
P81	2.000000000000000E-04	pargp_uno	1	1	1.8000E+01	4.000E+00	0.00E+00			
P82	2.000000000000000E-04	pargp_uno	1	1	1.9000E+01	4.000E+00	0.00E+00			
P83	2.000000000000000E-04	pargp_uno	1	1	2.0000E+01	4.000E+00	0.00E+00			
P84	2.000000000000000E-04	pargp_uno	1	1	2.1000E+01	4.000E+00	0.00E+00			
P85	2.000000000000000E-04	pargp_uno	1	1	1.0000E+00	5.000E+00	0.00E+00			
P86	2.000000000000000E-04	pargp_uno	1	1	2.0000E+00	5.000E+00	0.00E+00			
P87	2.000000000000000E-04	pargp_uno	1	1	3.0000E+00	5.000E+00	0.00E+00			
P88	2.000000000000000E-04	pargp_uno	1	1	4.0000E+00	5.000E+00	0.00E+00			
P89	2.000000000000000E-04	pargp_uno	1	1	5.0000E+00	5.000E+00	0.00E+00			
P90	2.000000000000000E-04	pargp_uno	1	1	6.0000E+00	5.000E+00	0.00E+00			
P91	2.000000000000000E-04	pargp_uno	1	1	7.0000E+00	5.000E+00	0.00E+00			
P92	2.000000000000000E-04	pargp_uno	1	1	8.0000E+00	5.000E+00	0.00E+00			
P93	2.000000000000000E-04	pargp_uno	1	1	9.0000E+00	5.000E+00	0.00E+00			
P94	2.000000000000000E-04	pargp_uno	1	1	1.0000E+01	5.000E+00	0.00E+00			
P95	2.000000000000000E-04	pargp_uno	1	1	1.1000E+01	5.000E+00	0.00E+00			
P96	2.000000000000000E-04	pargp_uno	1	1	1.2000E+01	5.000E+00	0.00E+00			
P97	2.000000000000000E-04	pargp_uno	1	1	1.3000E+01	5.000E+00	0.00E+00			
P98	2.000000000000000E-04	pargp_uno	1	1	1.4000E+01	5.000E+00	0.00E+00			
P99	2.000000000000000E-04	pargp_uno	1	1	1.5000E+01	5.000E+00	0.00E+00			
P100	2.000000000000000E-04	pargp_uno	1	1	1.6000E+01	5.000E+00	0.00E+00			
P101	2.000000000000000E-04	pargp_uno	1	1	1.7000E+01	5.000E+00	0.00E+00			
P102	2.000000000000000E-04	pargp_uno	1	1	1.8000E+01	5.000E+00	0.00E+00			
P103	2.000000000000000E-04	pargp_uno	1	1	1.9000E+01	5.000E+00	0.00E+00			
P104	2.000000000000000E-04	pargp_uno	1	1	2.0000E+01	5.000E+00	0.00E+00			
P105	2.000000000000000E-04	pargp_uno	1	1	2.1000E+01	5.000E+00	0.00E+00			
P106	2.000000000000000E-04	pargp_uno	1	1	1.0000E+00	6.000E+00	0.00E+00			
P107	2.000000000000000E-04	pargp_uno	1	1	2.0000E+00	6.000E+00	0.00E+00			
P108	2.000000000000000E-04	pargp_uno	1	1	3.0000E+00	6.000E+00	0.00E+00			
P109	2.000000000000000E-04	pargp_uno	1	1	4.0000E+00	6.000E+00	0.00E+00			
P110	2.000000000000000E-04	pargp_uno	1	1	5.0000E+00	6.000E+00	0.00E+00			
P111	2.000000000000000E-04	pargp_uno	1	1	6.0000E+00	6.000E+00	0.00E+00			
P112	2.000000000000000E-04	pargp_uno	1	1	7.0000E+00	6.000E+00	0.00E+00			
P113	2.000000000000000E-04	pargp_uno	1	1	8.0000E+00	6.000E+00	0.00E+00			
P114	2.000000000000000E-04	pargp_uno	1	1	9.0000E+00	6.000E+00	0.00E+00			
P115	2.000000000000000E-04	pargp_uno	1	1	1.0000E+01	6.000E+00	0.00E+00			
P116	2.000000000000000E-04	pargp_uno	1	1	1.1000E+01	6.000E+00	0.00E+00			
P117	2.000000000000000E-04	pargp_uno	1	1	1.2000E+01	6.000E+00	0.00E+00			
P118	2.000000000000000E-04	pargp_uno	1	1	1.3000E+01	6.000E+00	0.00E+00			
P119	2.000000000000000E-04	pargp_uno	1	1	1.4000E+01	6.000E+00	0.00E+00			
P120	2.000000000000000E-04	pargp_uno	1	1	1.5000E+01	6.000E+00	0.00E+00			
P121	2.000000000000000E-04	pargp_uno	1	1	1.6000E+01	6.000E+00	0.00E+00			
P122	2.000000000000000E-04	pargp_uno	1	1	1.7000E+01	6.000E+00	0.00E+00			
P123	2.000000000000000E-04	pargp_uno	1	1	1.8000E+01	6.000E+00	0.00E+00			
P124	2.000000000000000E-04	pargp_uno	1	1	1.9000E+01	6.000E+00	0.00E+00			
P125	2.000000000000000E-04	pargp_uno	1	1	2.0000E+01	6.000E+00	0.00E+00			
P126	2.000000000000000E-04	pargp_uno	1	1	2.1000E+01	6.000E+00	0.00E+00			
P127	2.000000000000000E-04	pargp_uno	1	1	1.0000E+00	7.000E+00	0.00E+00			
P128	2.000000000000000E-04	pargp_uno	1	1	2.0000E+00	7.000E+00	0.00E+00			
P129	2.000000000000000E-04	pargp_uno	1	1	3.0000E+00	7.000E+00	0.00E+00			
P130	2.000000000000000E-04	pargp_uno	1	1	4.0000E+00	7.000E+00	0.00E+00			
P131	2.000000000000000E-04	pargp_uno	1	1	5.0000E+00	7.000E+00	0.00E+00			
P132	2.000000000000000E-04	pargp_uno	1	1	6.0000E+00	7.000E+00	0.00E+00			
P133	2.000000000000000E-04	pargp_uno	1	1	7.0000E+00	7.000E+00	0.00E+00			
P134	2.000000000000000E-04	pargp_uno	1	1	8.0000E+00	7.000E+00	0.00E+00			
P135	2.000000000000000E-04	pargp_uno	1	1	9.0000E+00	7.000E+00	0.00E+00			
P136	2.000000000000000E-04	pargp_uno	1	1	1.0000E+01	7.000E+00	0.00E+00			
P137	2.000000000000000E-04	pargp_uno	1	1	1.1000E+01	7.000E+00	0.00E+00			
P138	2.000000000000000E-04	pargp_uno	1	1	1.2000E+01	7.000E+00	0.00E+00			
P139	2.000000000000000E-04	pargp_uno	1	1	1.3000E+01	7.000E+00	0.00E+00			
P140	2.000000000000000E-04	pargp_uno	1	1	1.4000E+01	7.000E+00	0.00E+00			
P141	2.000000000000000E-04	pargp_uno	1	1	1.5000E+01	7.000E+00	0.00E+00			
P142	2.000000000000000E-04	pargp_uno	1	1	1.6000E+01	7.000E+00	0.00E+00			
P143	2.000000000000000E-04	pargp_uno	1	1	1.7000E+01	7.000E+00	0.00E+00			
P144	2.000000000000000E-04	pargp_uno	1	1	1.8000E+01	7.000E+00	0.00E+00			
P145	2.000000000000000E-04	pargp_uno	1	1	1.9000E+01	7.000E+00	0.00E+00			
P146	2.000000000000000E-04	pargp_uno	1	1	2.0000E+01	7.000E+00	0.00E+00			
P147	2.000000000000000E-04	pargp_uno	1	1	2.1000E+01	7.000E+00	0.00E+00			
P148	2.000000000000000E-04	pargp_uno	1	1	1.0000E+00	8.000E+00	0.00E+00			
P149	2.000000000000000E-04	pargp_uno	1	1	2.0000E+00	8.000E+00	0.00E+00			
P150	2.000000000000000E-04	pargp_uno	1	1	3.0000E+00	8.000E+00	0.00E+00			
P151	2.000000000000000E-04	pargp_uno	1	1	4.0000E+00	8.000E+00	0.00E+00			
P152	2.000000000000000E-04	pargp_uno	1	1	5.0000E+00	8.000E+00	0.00E+00			
P153	2.000000000000000E-04	pargp_uno	1	1	6.0000E+00	8.000E+00	0.00E+00			
P154	2.000000000000000E-04	pargp_uno	1	1	7.0000E+00	8.000E+00	0.00E+00			
P155	2.000000000000000E-04	pargp_uno	1	1	8.0000E+00	8.000E+00	0.00E+00			
P156	2.000000000000000E-04	pargp_uno	1	1	9.0000E+00	8.000E+00	0.00E+00			
P157	2.000000000000000E-04	pargp_uno	1	1	1.0000E+01	8.000E+00	0.00E+00			
P158	2.000000000000000E-04	pargp_uno	1	1	1.1000E+01	8.000E+00	0.00E+00			
P159	2.000000000000000E-04	pargp_uno	1	1	1.2000E+01	8.000E+00	0.00E+00			
P160	2.000000000000000E-04	pargp_uno	1	1	1.3000E+01	8.000E+00	0.00E+00			
P161	2.000000000000000E-04	pargp_uno	1	1	1.4000E+01	8.000E+00	0.00E+00			
P162	2.000000000000000E-04	pargp_uno	1	1	1.5000E+01	8.000E+00	0.00E+00			
P163	2.000000000000000E-04	pargp_uno	1	1	1.6000E+01	8.000E+00	0.00E+00			
P164	2.000000000000000E-04	pargp_uno	1	1	1.7000E+01	8.000E+00	0.00E+00			
P165	2.000000000000000E-04	pargp_uno	1	1	1.8000E+01	8.000E+00	0.00E+00			
P166	2.000000000000000E-04	pargp_uno	1	1	1.9000E+01	8.000E+00	0.00E+00			
P167	2.000000000000000E-04	pargp_uno	1	1	2.0000E+01	8.000E+00	0.00E+00			
P168	2.000000000000000E-04	pargp_uno	1	1	2.1000E+01	8.000E+00	0.00E+00			
P169	2.000000000000000E-04	pargp_uno	1	1	1.0000E+00	9.000E+00	0.00E+00			
P170	2.000000000000000E-04	pargp_uno	1	1	2.0000E+00	9.000E+00	0.00E+00			
P171	2.000000000000000E-04	pargp_uno	1	1	3.0000E+00	9.000E+00	0.00E+00			
P172	2.000000000000000E-04	pargp_uno	1	1	4.0000E+00	9.000E+00	0.00E+00			
P173	2.000000000000000E-04	pargp_uno	1	1	5.0000E+00	9.000E+00	0.00E+00			
P174	2.000000000000000E-04	pargp_uno	1	1	6.0000E+00	9.000E+00	0.00E+00			
P175	2.000000000000000E-04	pargp_uno	1	1	7.0000E+00	9.000E+00	0.00E+00			
P176	2.000000000000000E-04	pargp_uno	1	1	8.0000E+00	9.000E+00	0.00E+00			
P177	2.000000000000000E-04	pargp_uno	1	1	9.0000E+00	9.000E+00	0.00E+00			
P178	2.000000000000000E-04	pargp_uno	1	1	1.0000E+01	9.000E+00	0.00E+00			
P179	2.000000000000000E-04	pargp_uno	1	1	1.1000E+01	9.000E+00	0.00E+00			
P180	2.000000000000000E-04	pargp_uno	1	1	1.2000E+01	9.000E+00	0.00E+00			
P181	2.000000000000000E-04	pargp_uno	1	1	1.3000E+01	9.000E+00	0.00E+00			
P182	2.000000000000000E-04	pargp_uno	1	1	1.4000E+01	9.000E+00	0.00E+00			
P183	2.000000000000000E-04	pargp_uno	1	1	1.5000E+01	9.000E+00	0.00E+00			
P184	2.000000000000000E-04	pargp_uno	1	1	1.6000E+01	9.000E+00	0.00E+00			
P185	2.000000000000000E-04	pargp_uno	1	1	1.7000E+01	9.000E+00	0.00E+00			
P186	2.000000000000000E-04	pargp_uno	1	1	1.8000E+01	9.000E+00	0.00E+00			
P187	2.000000000000000E-04	pargp_uno	1	1	1.9000E+01	9.000E+00	0.00E+00			
P188	2.000000000000000E-04	pargp_uno	1	1	2.0000E+01	9.000E+00	0.00E+00			
P189	2.000000000000000E-04	pargp_uno	1	1	2.1000E+01	9.000E+00	0.00E+00			
P190	2.000000000000000E-04	pargp_uno	1	1	1.0000E+00	1.000E+01	0.00E+00			
P191	2.000000000000000E-04	pargp_uno	1	1	2.0000E+00	1.000E+01	0.00E+00			
P192	2.000000000000000E-04	pargp_uno	1	1	3.0000E+00	1.000E+01	0.00E+00			
P193	2.000000000000000E-04	pargp_uno	1	1	4.0000E+00	1.000E+01	0.00E+00			
P194	2.000000000000000E-04	pargp_uno	1	1	5.0000E+00	1.000E+01	0.00E+00			
P195	2.000000000000000E-04	pargp_uno	1	1	6.0000E+00	1.000E+01	0.00E+00			
P196	2.000000000000000E-04	pargp_uno	1	1	7.0000E+00	1.000E+01	0.00E+00			
P197	2.000000000000000E-04	pargp_uno	1	1	8.0000E+00	1.000E+01	0.00E+00			
P198	2.000000000000000E-04	pargp_uno	1	1	9.0000E+00	1.000E+01	0.00E+00			
P199	2.000000000000000E-04	pargp_uno	1	1	1.0000E+01	1.000E+01	0.00E+00			
P200	2.000000000000000E-04	pargp_uno	1	1	1.1000E+01	1.000E+01	0.00E+00			
P201	2.000000000000000E-04	pargp_uno	1	1	1.2000E+01	1.000E+01	0.00E+00			
P202	2.000000000000000E-04	pargp_uno	1	1	1.3000E+01	1.000E+01	0.00E+00			
P203	2.000000000000000E-04	pargp_uno	1	1	1.4000E+01	1.000E+01	0.00E+00			
P204	2.000000000000000E-04	pargp_uno	1	1	1.5000E+01	1.000E+01	0.00E+00			
P205	2.000000000000000E-04	pargp_uno	1	1	1.6000E+01	1.000E+01	0.00E+00			
P206	2.000000000000000E-04	pargp_uno	1	1	1.7000E+01	1.000E+01	0.00E+00			
P207	2.000000000000000E-04	pargp_uno	1	1	1.8000E+01	1.000E+01	0.00E+00			
P208	2.000000000000000E-04	pargp_uno	1	1	1.9000E+01	1.000E+01	0.00E+00			
P209	2.000000000000000E-04	pargp_uno	1	1	2.0000E+01	1.000E+01	0.00E+00			
P210	2.000000000000000E-04	pargp_uno	1	1	2.1000E+01	1.000E+01	0.00E+00			
P211	2.000000000000000E-04	pargp_uno	1	1	1.0000E+00	1.100E+01	0.00E+00			
P212	2.000000000000000E-04	pargp_uno	1	1	2.0000E+00	1.100E+01	0.00E+00			
P213	2.000000000000000E-04	pargp_uno	1	1	3.0000E+00	1.100E+01	0.00E+00			
P214	2.000000000000000E-04	pargp_uno	1	1	4.0000E+00	1.100E+01	0.00E+00			
P215	2.000000000000000E-04	pargp_uno	1	1	5.0000E+00	1.100E+01	0.00E+00			
P216	2.000000000000000E-04	pargp_uno	1	1	6.0000E+00	1.100E+01	0.00E+00			
P217	2.000000000000000E-04	pargp_uno	1	1	7.0000E+00	1.100E+01	0.00E+00			
P218	2.000000000000000E-04	pargp_uno	1	1	8.0000E+00	1.100E+01	0.00E+00			
P219	2.000000000000000E-04	pargp_uno	1	1	9.0000E+00	1.100E+01	0.00E+00			
P220	2.000000000000000E-04	pargp_uno	1	1	1.0000E+01	1.100E+01	0.00E+00			
P221	2.000000000000000E-04	pargp_uno	1	1	1.1000E+01	1.100E+01	0.00E+00			
P222	2.000000000000000E-04	pargp_uno	1	1	1.2000E+01	1.100E+01	0.00E+00			
P223	2.000000000000000E-04	pargp_uno	1	1	1.3000E+01	1.100E+01	0.00E+00			
P224	2.000000000000000E-04	pargp_uno	1	1	1.4000E+01	1.100E+01	0.00E+00			
P225	2.000000000000000E-04	pargp_uno	1	1	1.5000E+01	1.100E+01	0.00E+00			
P226	2.000000000000000E-04	pargp_uno	1	1	1.6000E+01	1.100E+01	0.00E+00			
P227	2.000000000000000E-04	pargp_uno	1	1	1.7000E+01	1.100E+01	0.00E+00			
P228	2.000000000000000E-04	pargp_uno	1	1	1.8000E+01	1.100E+01	0.00E+00			
P229	2.000000000000000E-04	pargp_uno	1	1	1.9000E+01	1.100E+01	0.00E+00			
P230	2.000000000000000E-04	pargp_uno	1	1	2.0000E+01	1.100E+01	0.00E+00			
P231	2.000000000000000E-04	pargp_uno	1	1	2.1000E+01	1.100E+01	0.00E+00			
P232	2.000000000000000E-04	pargp_uno	1	1	1.0000E+00	1.200E+01	0.00E+00			
P233	2.000000000000000E-04	pargp_uno	1	1	2.0000E+00	1.200E+01	0.00E+00			
P234	2.000000000000000E-04	pargp_uno	1	1	3.0000E+00	1.200E+01	0.00E+00			
P235	2.000000000000000E-04	pargp_uno	1	1	4.0000E+00	1.200E+01	0.00E+00			
P236	2.000000000000000E-04	pargp_uno	1	1	5.0000E+00	1.200E+01	0.00E+00			
P237	2.000000000000000E-04	pargp_uno	1	1	6.0000E+00	1.200E+01	0.00E+00			
P238	2.000000000000000E-04	pargp_uno	1	1	7.0000E+00	1.200E+01	0.00E+00			
P239	2.000000000000000E-04	pargp_uno	1	1	8.0000E+00	1.200E+01	0.00E+00			
P240	2.000000000000000E-04	pargp_uno	1	1	9.0000E+00	1.200E+01	0.00E+00			
P241	2.000000000000000E-04	pargp_uno	1	1	1.0000E+01	1.200E+01	0.00E+00			
P242	2.000000000000000E-04	pargp_uno	1	1	1.1000E+01	1.200E+01	0.00E+00			
P243	2.000000000000000E-04	pargp_uno	1	1	1.2000E+01	1.200E+01	0.00E+00			
P244	2.000000000000000E-04	pargp_uno	1	1	1.3000E+01	1.200E+01	0.00E+00			
P245	2.000000000000000E-04	pargp_uno	1	1	1.4000E+01	1.200E+01	0.00E+00			
P246	2.000000000000000E-04	pargp_uno	1	1	1.5000E+01	1.200E+01	0.00E+00			
P247	2.000000000000000E-04	pargp_uno	1	1	1.6000E+01	1.200E+01	0.00E+00			
P248	2.000000000000000E-04	pargp_uno	1	1	1.7000E+01	1.200E+01	0.00E+00			
P249	2.000000000000000E-04	pargp_uno	1	1	1.8000E+01	1.200E+01	0.00E+00			
P250	2.000000000000000E-04	pargp_uno	1	1	1.9000E+01	1.200E+01	0.00E+00			
P251	2.000000000000000E-04	pargp_uno	1	1	2.0000E+01	1.200E+01	0.00E+00			
P252	2.000000000000000E-04	pargp_uno	1	1	2.1000E+01	1.200E+01	0.00E+00			
P253	2.000000000000000E-04	pargp_uno	1	1	1.0000E+00	1.300E+01	0.00E+00			
P254	2.000000000000000E-04	pargp_uno	1	1	2.0000E+00	1.300E+01	0.00E+00			
P255	2.000000000000000E-04	pargp_uno	1	1	3.0000E+00	1.300E+01	0.00E+00			
P256	2.000000000000000E-04	pargp_uno	1	1	4.0000E+00	1.300E+01	0.00E+00			
P257	2.000000000000000E-04	pargp_uno	1	1	5.0000E+00	1.300E+01	0.00E+00			
P258	2.000000000000000E-04	pargp_uno	1	1	6.0000E+00	1.300E+01	0.00E+00			
P259	2.000000000000000E-04	pargp_uno	1	1	7.0000E+00	1.300E+01	0.00E+00			
P260	2.000000000000000E-04	pargp_uno	1	1	8.0000E+00	1.300E+01	0.00E+00			
P261	2.000000000000000E-04	pargp_uno	1	1	9.0000E+00	1.300E+01	0.00E+00			
P262	2.000000000000000E-04	pargp_uno	1	1	1.0000E+01	1.300E+01	0.00E+00			
P263	2.000000000000000E-04	pargp_uno	1	1	1.1000E+01	1.300E+01	0.00E+00			
P264	2.000000000000000E-04	pargp_uno	1	1	1.2000E+01	1.300E+01	0.00E+00			
P265	2.000000000000000E-04	pargp_uno	1	1	1.3000E+01	1.300E+01	0.00E+00			
P266	2.000000000000000E-04	pargp_uno	1	1	1.4000E+01	1.300E+01	0.00E+00			
P267	2.000000000000000E-04	pargp_uno	1	1	1.5000E+01	1.300E+01	0.00E+00			
P268	2.000000000000000E-04	pargp_uno	1	1	1.6000E+01	1.300E+01	0.00E+00			
P269	2.000000000000000E-04	pargp_uno	1	1	1.7000E+01	1.300E+01	0.00E+00			
P270	2.000000000000000E-04	pargp_uno	1	1	1.8000E+01	1.300E+01	0.00E+00			
P271	2.000000000000000E-04	pargp_uno	1	1	1.9000E+01	1.300E+01	0.00E+00			
P272	2.000000000000000E-04	pargp_uno	1	1	2.0000E+01	1.300E+01	0.00E+00			
P273	2.000000000000000E-04	pargp_uno	1	1	2.1000E+01	1.300E+01	0.00E+00			
P274	2.000000000000000E-04	pargp_uno	1	1	1.0000E+00	1.400E+01	0.00E+00			
P275	2.000000000000000E-04	pargp_uno	1	1	2.0000E+00	1.400E+01	0.00E+00			
P276	2.000000000000000E-04	pargp_uno	1	1	3.0000E+00	1.400E+01	0.00E+00			
P277	2.000000000000000E-04	pargp_uno	1	1	4.0000E+00	1.400E+01	0.00E+00			
P278	2.000000000000000E-04	pargp_uno	1	1	5.0000E+00	1.400E+01	0.00E+00			
P279	2.000000000000000E-04	pargp_uno	1	1	6.0000E+00	1.400E+01	0.00E+00			
P280	2.000000000000000E-04	pargp_uno	1	1	7.0000E+00	1.400E+01	0.00E+00			
P281	2.000000000000000E-04	pargp_uno	1	1	8.0000E+00	1.400E+01	0.00E+00			
P282	2.000000000000000E-04	pargp_uno	1	1	9.0000E+00	1.400E+01	0.00E+00			
P283	2.000000000000000E-04	pargp_uno	1	1	1.0000E+01	1.400E+01	0.00E+00			
P284	2.000000000000000E-04	pargp_uno	1	1	1.1000E+01	1.400E+01	0.00E+00			
P285	2.000000000000000E-04	pargp_uno	1	1	1.2000E+01	1.400E+01	0.00E+00			
P286	2.000000000000000E-04	pargp_uno	1	1	1.3000E+01	1.400E+01	0.00E+00			
P287	2.000000000000000E-04	pargp_uno	1	1	1.4000E+01	1.400E+01	0.00E+00			
P288	2.000000000000000E-04	pargp_uno	1	1	1.5000E+01	1.400E+01	0.00E+00			
P289	2.000000000000000E-04	pargp_uno	1	1	1.6000E+01	1.400E+01	0.00E+00			
P290	2.000000000000000E-04	pargp_uno	1	1	1.7000E+01	1.400E+01	0.00E+00			
P291	2.000000000000000E-04	pargp_uno	1	1	1.8000E+01	1.400E+01	0.00E+00			
P292	2.000000000000000E-04	pargp_uno	1	1	1.9000E+01	1.400E+01	0.00E+00			
P293	2.000000000000000E-04	pargp_uno	1	1	2.0000E+01	1.400E+01	0.00E+00			
P294	2.000000000000000E-04	pargp_uno	1	1	2.1000E+01	1.400E+01	0.00E+00			
P295	2.000000000000000E-04	pargp_uno	1	1	1.0000E+00	1.500E+01	0.00E+00			
P296	2.000000000000000E-04	pargp_uno	1	1	2.0000E+00	1.500E+01	0.00E+00			
P297	2.000000000000000E-04	pargp_uno	1	1	3.0000E+00	1.500E+01	0.00E+00			
P298	2.000000000000000E-04	pargp_uno	1	1	4.0000E+00	1.500E+01	0.00E+00			
P299	2.000000000000000E-04	pargp_uno	1	1	5.0000E+00	1.500E+01	0.00E+00			
P300	2.000000000000000E-04	pargp_uno	1	1	6.0000E+00	1.500E+01	0.00E+00			
P301	2.000000000000000E-04	pargp_uno	1	1	7.0000E+00	1.500E+01	0.00E+00			
P302	2.000000000000000E-04	pargp_uno	1	1	8.0000E+00	1.500E+01	0.00E+00			
P303	2.000000000000000E-04	pargp_uno	1	1	9.0000E+00	1.500E+01	0.00E+00			
P304	2.000000000000000E-04	pargp_uno	1	1	1.0000E+01	1.500E+01	0.00E+00			
P305	2.000000000000000E-04	pargp_uno	1	1	1.1000E+01	1.500E+01	0.00E+00			
P306	2.000000000000000E-04	pargp_uno	1	1	1.2000E+01	1.500E+01	0.00E+00			
P307	2.000000000000000E-04	pargp_uno	1	1	1.3000E+01	1.500E+01	0.00E+00			
P308	2.000000000000000E-04	pargp_uno	1	1	1.4000E+01	1.500E+01	0.00E+00			
P309	2.000000000000000E-04	pargp_uno	1	1	1.5000E+01	1.500E+01	0.00E+00			
P310	2.000000000000000E-04	pargp_uno	1	1	1.6000E+01	1.500E+01	0.00E+00			
P311	2.000000000000000E-04	pargp_uno	1	1	1.7000E+01	1.500E+01	0.00E+00			
P312	2.000000000000000E-04	pargp_uno	1	1	1.8000E+01	1.500E+01	0.00E+00			
P313	2.000000000000000E-04	pargp_uno	1	1	1.9000E+01	1.500E+01	0.00E+00			
P314	2.000000000000000E-04	pargp_uno	1	1	2.0000E+01	1.500E+01	0.00E+00			
P315	2.000000000000000E-04	pargp_uno	1	1	2.1000E+01	1.500E+01	0.00E+00			
P316	2.000000000000000E-04	pargp_uno	1	1	1.0000E+00	1.600E+01	0.00E+00			
P317	2.000000000000000E-04	pargp_uno	1	1	2.0000E+00	1.600E+01	0.00E+00			
P318	2.000000000000000E-04	pargp_uno	1	1	3.0000E+00	1.600E+01	0.00E+00			
P319	2.000000000000000E-04	pargp_uno	1	1	4.0000E+00	1.600E+01	0.00E+00			
P320	2.000000000000000E-04	pargp_uno	1	1	5.0000E+00	1.600E+01	0.00E+00			
P321	2.000000000000000E-04	pargp_uno	1	1	6.0000E+00	1.600E+01	0.00E+00			
P322	2.000000000000000E-04	pargp_uno	1	1	7.0000E+00	1.600E+01	0.00E+00			
P323	2.000000000000000E-04	pargp_uno	1	1	8.0000E+00	1.600E+01	0.00E+00			
P324	2.000000000000000E-04	pargp_uno	1	1	9.0000E+00	1.600E+01	0.00E+00			
P325	2.000000000000000E-04	pargp_uno	1	1	1.0000E+01	1.600E+01	0.00E+00			
P326	2.000000000000000E-04	pargp_uno	1	1	1.1000E+01	1.600E+01	0.00E+00			
P327	2.000000000000000E-04	pargp_uno	1	1	1.2000E+01	1.600E+01	0.00E+00			
P328	2.000000000000000E-04	pargp_uno	1	1	1.3000E+01	1.600E+01	0.00E+00			
P329	2.000000000000000E-04	pargp_uno	1	1	1.4000E+01	1.600E+01	0.00E+00			
P330	2.000000000000000E-04	pargp_uno	1	1	1.5000E+01	1.600E+01	0.00E+00			
P331	2.000000000000000E-04	pargp_uno	1	1	1.6000E+01	1.600E+01	0.00E+00			
P332	2.000000000000000E-04	pargp_uno	1	1	1.7000E+01	1.600E+01	0.00E+00			
P333	2.000000000000000E-04	pargp_uno	1	1	1.8000E+01	1.600E+01	0.00E+00			
P334	2.000000000000000E-04	pargp_uno	1	1	1.9000E+01	1.600E+01	0.00E+00			
P335	2.000000000000000E-04	pargp_uno	1	1	2.0000E+01	1.600E+01	0.00E+00			
P336	2.000000000000000E-04	pargp_uno	1	1	2.1000E+01	1.600E+01	0.00E+00			
P337	2.000000000000000E-04	pargp_uno	1	1	1.0000E+00	1.700E+01	0.00E+00			
P338	2.000000000000000E-04	pargp_uno	1	1	2.0000E+00	1.700E+01	0.00E+00			
P339	2.000000000000000E-04	pargp_uno	1	1	3.0000E+00	1.700E+01	0.00E+00			
P340	2.000000000000000E-04	pargp_uno	1	1	4.0000E+00	1.700E+01	0.00E+00			
P341	2.000000000000000E-04	pargp_uno	1	1	5.0000E+00	1.700E+01	0.00E+00			
P342	2.000000000000000E-04	pargp_uno	1	1	6.0000E+00	1.700E+01	0.00E+00			
P343	2.000000000000000E-04	pargp_uno	1	1	7.0000E+00	1.700E+01	0.00E+00			
P344	2.000000000000000E-04	pargp_uno	1	1	8.0000E+00	1.700E+01	0.00E+00			
P345	2.000000000000000E-04	pargp_uno	1	1	9.0000E+00	1.700E+01	0.00E+00			
P346	2.000000000000000E-04	pargp_uno	1	1	1.0000E+01	1.700E+01	0.00E+00			
P347	2.000000000000000E-04	pargp_uno	1	1	1.1000E+01	1.700E+01	0.00E+00			
P348	2.000000000000000E-04	pargp_uno	1	1	1.2000E+01	1.700E+01	0.00E+00			
P349	2.000000000000000E-04	pargp_uno	1	1	1.3000E+01	1.700E+01	0.00E+00			
P350	2.000000000000000E-04	pargp_uno	1	1	1.4000E+01	1.700E+01	0.00E+00			
P351	2.000000000000000E-04	pargp_uno	1	1	1.5000E+01	1.700E+01	0.00E+00			
P352	2.000000000000000E-04	pargp_uno	1	1	1.6000E+01	1.700E+01	0.00E+00			
P353	2.000000000000000E-04	pargp_uno	1	1	1.7000E+01	1.700E+01	0.00E+00			
P354	2.000000000000000E-04	pargp_uno	1	1	1.8000E+01	1.700E+01	0.00E+00			
P355	2.000000000000000E-04	pargp_uno	1	1	1.9000E+01	1.700E+01	0.00E+00			
P356	2.000000000000000E-04	pargp_uno	1	1	2.0000E+01	1.700E+01	0.00E+00			
P357	2.000000000000000E-04	pargp_uno	1	1	2.1000E+01	1.700E+01	0.00E+00			
P358	2.000000000000000E-04	pargp_uno	1	1	1.0000E+00	1.800E+01	0.00E+00			
P359	2.000000000000000E-04	pargp_uno	1	1	2.0000E+00	1.800E+01	0.00E+00			
P360	2.000000000000000E-04	pargp_uno	1	1	3.0000E+00	1.800E+01	0.00E+00			
P361	2.000000000000000E-04	pargp_uno	1	1	4.0000E+00	1.800E+01	0.00E+00			
P362	2.000000000000000E-04	pargp_uno	1	1	5.0000E+00	1.800E+01	0.00E+00			
P363	2.000000000000000E-04	pargp_uno	1	1	6.0000E+00	1.800E+01	0.00E+00			
P364	2.000000000000000E-04	pargp_uno	1	1	7.0000E+00	1.800E+01	0.00E+00			
P365	2.000000000000000E-04	pargp_uno	1	1	8.0000E+00	1.800E+01	0.00E+00			
P366	2.000000000000000E-04	pargp_uno	1	1	9.0000E+00	1.800E+01	0.00E+00			
P367	2.000000000000000E-04	pargp_uno	1	1	1.0000E+01	1.800E+01	0.00E+00			
P368	2.000000000000000E-04	pargp_uno	1	1	1.1000E+01	1.800E+01	0.00E+00			
P369	2.000000000000000E-04	pargp_uno	1	1	1.2000E+01	1.800E+01	0.00E+00			
P370	2.000000000000000E-04	pargp_uno	1	1	1.3000E+01	1.800E+01	0.00E+00			
P371	2.000000000000000E-04	pargp_uno	1	1	1.4000E+01	1.800E+01	0.00E+00			
P372	2.000000000000000E-04	pargp_uno	1	1	1.5000E+01	1.800E+01	0.00E+00			
P373	2.000000000000000E-04	pargp_uno	1	1	1.6000E+01	1.800E+01	0.00E+00			
P374	2.000000000000000E-04	pargp_uno	1	1	1.7000E+01	1.800E+01	0.00E+00			
P375	2.000000000000000E-04	pargp_uno	1	1	1.8000E+01	1.800E+01	0.00E+00			
P376	2.000000000000000E-04	pargp_uno	1	1	1.9000E+01	1.800E+01	0.00E+00			
P377	2.000000000000000E-04	pargp_uno	1	1	2.0000E+01	1.800E+01	0.00E+00			
P378	2.000000000000000E-04	pargp_uno	1	1	2.1000E+01	1.800E+01	0.00E+00			
P379	2.000000000000000E-04	pargp_uno	1	1	1.0000E+00	1.900E+01	0.00E+00			
P380	2.000000000000000E-04	pargp_uno	1	1	2.0000E+00	1.900E+01	0.00E+00			
P381	2.000000000000000E-04	pargp_uno	1	1	3.0000E+00	1.900E+01	0.00E+00			
P382	2.000000000000000E-04	pargp_uno	1	1	4.0000E+00	1.900E+01	0.00E+00			
P383	2.000000000000000E-04	pargp_uno	1	1	5.0000E+00	1.900E+01	0.00E+00			
P384	2.000000000000000E-04	pargp_uno	1	1	6.0000E+00	1.900E+01	0.00E+00			
P385	2.000000000000000E-04	pargp_uno	1	1	7.0000E+00	1.900E+01	0.00E+00			
P386	2.000000000000000E-04	pargp_uno	1	1	8.0000E+00	1.900E+01	0.00E+00			
P387	2.000000000000000E-04	pargp_uno	1	1	9.0000E+00	1.900E+01	0.00E+00			
P388	2.000000000000000E-04	pargp_uno	1	1	1.0000E+01	1.900E+01	0.00E+00			
P389	2.000000000000000E-04	pargp_uno	1	1	1.1000E+01	1.900E+01	0.00E+00			
P390	2.000000000000000E-04	pargp_uno	1	1	1.2000E+01	1.900E+01	0.00E+00			
P391	2.000000000000000E-04	pargp_uno	1	1	1.3000E+01	1.900E+01	0.00E+00			
P392	2.000000000000000E-04	pargp_uno	1	1	1.4000E+01	1.900E+01	0.00E+00			
P393	2.000000000000000E-04	pargp_uno	1	1	1.5000E+01	1.900E+01	0.00E+00			
P394	2.000000000000000E-04	pargp_uno	1	1	1.6000E+01	1.900E+01	0.00E+00			
P395	2.000000000000000E-04	pargp_uno	1	1	1.7000E+01	1.900E+01	0.00E+00			
P396	2.000000000000000E-04	pargp_uno	1	1	1.8000E+01	1.900E+01	0.00E+00			
P397	2.000000000000000E-04	pargp_uno	1	1	1.9000E+01	1.900E+01	0.00E+00			
P398	2.000000000000000E-04	pargp_uno	1	1	2.0000E+01	1.900E+01	0.00E+00			
P399	2.000000000000000E-04	pargp_uno	1	1	2.1000E+01	1.900E+01	0.00E+00			
P400	2.000000000000000E-04	pargp_uno	1	1	1.0000E+00	2.000E+01	0.00E+00			
P401	2.000000000000000E-04	pargp_uno	1	1	2.0000E+00	2.000E+01	0.00E+00			
P402	2.000000000000000E-04	pargp_uno	1	1	3.0000E+00	2.000E+01	0.00E+00			
P403	2.000000000000000E-04	pargp_uno	1	1	4.0000E+00	2.000E+01	0.00E+00			
P404	2.000000000000000E-04	pargp_uno	1	1	5.0000E+00	2.000E+01	0.00E+00			
P405	2.000000000000000E-04	pargp_uno	1	1	6.0000E+00	2.000E+01	0.00E+00			
P406	2.000000000000000E-04	pargp_uno	1	1	7.0000E+00	2.000E+01	0.00E+00			
P407	2.000000000000000E-04	pargp_uno	1	1	8.0000E+00	2.000E+01	0.00E+00			
P408	2.000000000000000E-04	pargp_uno	1	1	9.0000E+00	2.000E+01	0.00E+00			
P409	2.000000000000000E-04	pargp_uno	1	1	1.0000E+01	2.000E+01	0.00E+00			
P410	2.000000000000000E-04	pargp_uno	1	1	1.1000E+01	2.000E+01	0.00E+00			
P411	2.000000000000000E-04	pargp_uno	1	1	1.2000E+01	2.000E+01	0.00E+00			
P412	2.000000000000000E-04	pargp_uno	1	1	1.3000E+01	2.000E+01	0.00E+00			
P413	2.000000000000000E-04	pargp_uno	1	1	1.4000E+01	2.000E+01	0.00E+00			
P414	2.000000000000000E-04	pargp_uno	1	1	1.5000E+01	2.000E+01	0.00E+00			
P415	2.000000000000000E-04	pargp_uno	1	1	1.6000E+01	2.000E+01	0.00E+00			
P416	2.000000000000000E-04	pargp_uno	1	1	1.7000E+01	2.000E+01	0.00E+00			
P417	2.000000000000000E-04	pargp_uno	1	1	1.8000E+01	2.000E+01	0.00E+00			
P418	2.000000000000000E-04	pargp_uno	1	1	1.9000E+01	2.000E+01	0.00E+00			
P419	2.000000000000000E-04	pargp_uno	1	1	2.0000E+01	2.000E+01	0.00E+00			
P420	2.000000000000000E-04	pargp_uno	1	1	2.1000E+01	2.000E+01	0.00E+00			
P421	2.000000000000000E-04	pargp_uno	1	1	1.0000E+00	2.100E+01	0.00E+00			
P422	2.000000000000000E-04	pargp_uno	1	1	2.0000E+00	2.100E+01	0.00E+00			
P423	2.000000000000000E-04	pargp_uno	1	1	3.0000E+00	2.100E+01	0.00E+00			
P424	2.000000000000000E-04	pargp_uno	1	1	4.0000E+00	2.100E+01	0.00E+00			
P425	2.000000000000000E-04	pargp_uno	1	1	5.0000E+00	2.100E+01	0.00E+00			
P426	2.000000000000000E-04	pargp_uno	1	1	6.0000E+00	2.100E+01	0.00E+00			
P427	2.000000000000000E-04	pargp_uno	1	1	7.0000E+00	2.100E+01	0.00E+00			
P428	2.000000000000000E-04	pargp_uno	1	1	8.0000E+00	2.100E+01	0.00E+00			
P429	2.000000000000000E-04	pargp_uno	1	1	9.0000E+00	2.100E+01	0.00E+00			
P430	2.000000000000000E-04	pargp_uno	1	1	1.0000E+01	2.100E+01	0.00E+00			
P431	2.000000000000000E-04	pargp_uno	1	1	1.1000E+01	2.100E+01	0.00E+00			
P432	2.000000000000000E-04	pargp_uno	1	1	1.2000E+01	2.100E+01	0.00E+00			
P433	2.000000000000000E-04	pargp_uno	1	1	1.3000E+01	2.100E+01	0.00E+00			
P434	2.000000000000000E-04	pargp_uno	1	1	1.4000E+01	2.100E+01	0.00E+00			
P435	2.000000000000000E-04	pargp_uno	1	1	1.5000E+01	2.100E+01	0.00E+00			
P436	2.000000000000000E-04	pargp_uno	1	1	1.6000E+01	2.100E+01	0.00E+00			
P437	2.000000000000000E-04	pargp_uno	1	1	1.7000E+01	2.100E+01	0.00E+00			
P438	2.000000000000000E-04	pargp_uno	1	1	1.8000E+01	2.100E+01	0.00E+00			
P439	2.000000000000000E-04	pargp_uno	1	1	1.9000E+01	2.100E+01	0.00E+00			
P440	2.000000000000000E-04	pargp_uno	1	1	2.0000E+01	2.100E+01	0.00E+00			
P441	2.000000000000000E-04	pargp_uno	1	1	2.1000E+01	2.100E+01	0.00E+00	 
END parameter_data 

