  1.3902552e-003  1.4866461e-003  1.7546326e-003  1.7032971e-003  1.6810276e-003  1.9978265e-003  1.7887588e-003  2.1825455e-003  1.9140417e-003  1.6649629e-003  1.8909863e-003  1.9435725e-003  1.9869623e-003  1.9984088e-003  1.7269686e-003  1.4655263e-003  1.1013023e-003  1.0888884e-003  1.0112400e-003  9.3890849e-004  7.8708555e-004  7.1303776e-004  6.8118604e-004  7.5328202e-004  8.6240174e-004  9.0739419e-004  9.1574746e-004  8.7598106e-004  1.0339533e-003  1.0959498e-003  8.5452586e-004  9.3568706e-004  1.0385669e-003  1.1589916e-003  1.3919199e-003
  1.6512954e-003  1.6331180e-003  1.9617578e-003  2.1107984e-003  2.1930120e-003  2.4856206e-003  2.0561966e-003  2.1833752e-003  1.8380804e-003  1.7496224e-003  2.0201106e-003  2.1366709e-003  2.1760337e-003  1.9622185e-003  1.8053788e-003  1.7748362e-003  1.3875868e-003  1.1617401e-003  9.9215866e-004  9.0211861e-004  7.3910032e-004  7.4329064e-004  7.9640909e-004  9.1050051e-004  9.5217954e-004  9.8222780e-004  8.2567354e-004  7.5989121e-004  9.6802650e-004  1.0004118e-003  1.0097896e-003  1.0557389e-003  1.1760623e-003  1.4287968e-003  1.5477327e-003
  1.5583689e-003  1.7760411e-003  1.9330126e-003  1.9101568e-003  2.2788911e-003  2.6404990e-003  2.1635646e-003  1.9438807e-003  1.5839338e-003  1.6302065e-003  2.0524345e-003  2.2606534e-003  2.1534793e-003  2.2422630e-003  1.9309120e-003  1.8023321e-003  1.4362131e-003  1.3949880e-003  1.2545577e-003  9.5598996e-004  8.0245349e-004  7.6854282e-004  7.6470600e-004  8.5866930e-004  9.4637224e-004  9.0186998e-004  7.8702204e-004  8.1444664e-004  9.3054300e-004  9.2075620e-004  9.8921453e-004  1.0561752e-003  1.2126657e-003  1.3076181e-003  1.3562299e-003
  1.2044322e-003  1.3121191e-003  1.7493375e-003  1.8839478e-003  2.1631083e-003  2.2598272e-003  1.8617377e-003  1.9753090e-003  1.8867169e-003  2.0526464e-003  2.2356922e-003  2.2648622e-003  2.1111657e-003  2.1097746e-003  1.7470264e-003  1.7381092e-003  1.4590503e-003  1.4713166e-003  1.4340178e-003  1.1576721e-003  9.3394728e-004  8.7409972e-004  7.3188023e-004  8.4880284e-004  9.5215963e-004  9.4759607e-004  8.2380148e-004  7.2203090e-004  8.9669988e-004  9.0214897e-004  8.8773259e-004  9.6168370e-004  1.0306851e-003  1.1322212e-003  1.2556871e-003
  1.1356823e-003  1.1871665e-003  1.4657443e-003  1.4738928e-003  1.9188522e-003  2.1948663e-003  1.7239790e-003  1.9733205e-003  1.9934043e-003  1.8911571e-003  1.8573592e-003  2.0259285e-003  2.2635269e-003  2.1960351e-003  1.9534489e-003  1.9070887e-003  1.4137432e-003  1.3969459e-003  1.3797430e-003  1.2602737e-003  1.0157420e-003  8.8164609e-004  9.0941792e-004  1.0982282e-003  1.0585731e-003  9.3628812e-004  7.8252031e-004  7.2816367e-004  8.6932862e-004  8.9465769e-004  8.5666373e-004  9.1567258e-004  1.0990532e-003  1.0469540e-003  1.1348347e-003
  1.1400286e-003  1.1486916e-003  1.3443324e-003  1.3292627e-003  1.6777184e-003  1.8308085e-003  1.6610994e-003  1.9277865e-003  1.6025075e-003  1.4942259e-003  1.6057747e-003  1.8569375e-003  1.8977674e-003  1.8821502e-003  1.7677967e-003  1.5963689e-003  1.2954202e-003  1.3600456e-003  1.2680618e-003  1.1003256e-003  1.0283803e-003  1.1642282e-003  1.1049076e-003  1.0183436e-003  9.5855470e-004  9.1601133e-004  8.3709809e-004  8.4726831e-004  9.6086655e-004  8.4992720e-004  8.4660819e-004  8.5280257e-004  9.2083640e-004  1.0394622e-003  1.1429067e-003
  1.2977690e-003  1.2081503e-003  1.2876284e-003  1.1981452e-003  1.2690619e-003  1.4590670e-003  1.3495668e-003  1.4377704e-003  1.2935057e-003  1.2611232e-003  1.3936145e-003  1.5819552e-003  1.7055034e-003  1.6304485e-003  1.4417560e-003  1.5160531e-003  1.3778739e-003  1.4961513e-003  1.3398497e-003  1.1477240e-003  1.0293608e-003  1.1353753e-003  1.2846602e-003  1.3569871e-003  1.2561628e-003  1.2683701e-003  1.0078633e-003  1.0051606e-003  1.2906605e-003  1.1621704e-003  1.0249640e-003  1.0105958e-003  1.1261577e-003  1.1118599e-003  1.2378443e-003
  1.2009691e-003  1.1113402e-003  1.1706115e-003  1.1426924e-003  1.2488088e-003  1.3752738e-003  1.2003355e-003  1.3418051e-003  1.2918680e-003  1.2971978e-003  1.4552171e-003  1.6131642e-003  1.6743879e-003  1.6964934e-003  1.5393162e-003  1.5627810e-003  1.3457867e-003  1.5593145e-003  1.4135613e-003  1.2392685e-003  1.1025677e-003  1.0418001e-003  1.1307862e-003  1.3666983e-003  1.4214157e-003  1.3881882e-003  1.2323661e-003  1.2812171e-003  1.4132772e-003  1.2798940e-003  1.2056480e-003  1.0480072e-003  1.0591840e-003  1.0188192e-003  1.1343719e-003
  1.1602641e-003  1.0843889e-003  1.1244985e-003  9.8829131e-004  1.3963642e-003  1.7236401e-003  1.4396103e-003  1.6296943e-003  1.7053249e-003  1.7073149e-003  1.5730907e-003  1.8480302e-003  1.8755372e-003  1.6264028e-003  1.4365956e-003  1.6787265e-003  1.4943116e-003  1.5164059e-003  1.4923763e-003  1.5617523e-003  1.4443970e-003  1.4469504e-003  1.2452650e-003  1.3954271e-003  1.6732523e-003  1.6245270e-003  1.4560084e-003  1.4718374e-003  1.6119643e-003  1.2568993e-003  1.0459182e-003  9.6848537e-004  1.0771945e-003  1.1108922e-003  1.2328750e-003
  1.4535242e-003  1.4003558e-003  1.3667333e-003  1.2006808e-003  1.6110172e-003  1.8031788e-003  1.7036244e-003  1.8585961e-003  1.7532711e-003  1.6440088e-003  1.6138073e-003  1.8756519e-003  1.9169606e-003  1.7968597e-003  1.6281647e-003  1.7681890e-003  1.5378053e-003  1.6563167e-003  1.4111341e-003  1.5361804e-003  1.6198323e-003  1.7437527e-003  1.6978958e-003  1.8573114e-003  2.0861593e-003  1.8187702e-003  1.2952135e-003  1.1255502e-003  1.4195859e-003  1.4567838e-003  1.2392607e-003  1.0350385e-003  1.1320724e-003  1.1749029e-003  1.4253656e-003
  1.2479362e-003  1.1930387e-003  1.0629583e-003  9.8844547e-004  1.1599916e-003  1.2940077e-003  1.2550933e-003  1.4031426e-003  1.2574594e-003  1.0665312e-003  1.1469801e-003  1.3739314e-003  1.3871536e-003  1.2641191e-003  1.1249479e-003  1.2725878e-003  9.5209451e-004  1.0440050e-003  1.0210316e-003  1.0851281e-003  1.1070200e-003  1.2231727e-003  1.3154549e-003  1.3723355e-003  1.2689588e-003  1.1426789e-003  1.0467648e-003  9.2330886e-004  1.0441758e-003  1.0758130e-003  1.0330655e-003  1.0113589e-003  1.0293782e-003  9.9156432e-004  1.0572803e-003
  1.1694959e-003  1.2990994e-003  1.2579703e-003  1.0628793e-003  1.1248332e-003  1.3318138e-003  1.2603363e-003  1.3404371e-003  1.2440634e-003  1.0519884e-003  1.2843286e-003  1.6127647e-003  1.4310811e-003  1.2561021e-003  1.0769778e-003  1.1730602e-003  8.9801408e-004  1.0170425e-003  1.0406599e-003  1.1407553e-003  1.0942905e-003  1.1166707e-003  1.1308640e-003  1.1575654e-003  1.1137390e-003  9.6994047e-004  8.2473681e-004  7.3994122e-004  8.8951266e-004  8.8272842e-004  7.6301269e-004  7.5538564e-004  9.3377098e-004  1.0803964e-003  1.0652543e-003
  1.0685352e-003  9.5772069e-004  1.0030531e-003  9.8876434e-004  9.8167685e-004  1.0177711e-003  9.8744239e-004  1.0980478e-003  1.0666580e-003  1.0638053e-003  1.1205074e-003  1.3313874e-003  1.3137931e-003  1.1360069e-003  1.1282038e-003  1.3215205e-003  1.0465738e-003  1.1647979e-003  1.1115012e-003  1.0355038e-003  9.3395298e-004  1.0004251e-003  1.0129801e-003  1.0761338e-003  1.0976325e-003  9.5238384e-004  7.4896544e-004  7.3657131e-004  7.6164517e-004  7.2679068e-004  6.8802001e-004  6.9264668e-004  8.1985555e-004  8.4359867e-004  9.3252926e-004
  7.2757270e-004  6.8570625e-004  7.1326376e-004  6.8231805e-004  7.3753875e-004  7.1510694e-004  6.4118544e-004  8.6224451e-004  1.0166106e-003  9.4747529e-004  9.4754526e-004  1.0869439e-003  1.0525710e-003  9.3141130e-004  9.9920580e-004  1.1994795e-003  1.0198616e-003  1.1097490e-003  9.9832032e-004  9.1552904e-004  7.3659037e-004  8.1561024e-004  8.5476765e-004  9.9067288e-004  1.1616223e-003  9.6900952e-004  7.4506797e-004  6.7133835e-004  6.9121391e-004  6.0473827e-004  5.7156819e-004  5.6769602e-004  6.0705798e-004  6.3586229e-004  6.6186671e-004
  5.4174816e-004  5.2907603e-004  5.8473739e-004  5.3304252e-004  6.9073099e-004  7.9591490e-004  7.4112357e-004  8.7214037e-004  8.3906220e-004  8.5275545e-004  9.1768958e-004  1.1250505e-003  1.1180355e-003  1.0683498e-003  1.0371547e-003  1.1754469e-003  9.5196870e-004  9.9099385e-004  8.2683872e-004  8.1048989e-004  7.6701795e-004  8.0884662e-004  8.6869535e-004  8.8095192e-004  9.3392305e-004  8.4560748e-004  6.9071649e-004  6.2781996e-004  6.8277180e-004  6.2326816e-004  5.2510977e-004  5.2754375e-004  5.4450364e-004  5.0961534e-004  5.1853502e-004
  6.6492419e-004  5.5748063e-004  6.3039519e-004  6.2750398e-004  6.7577327e-004  7.2219542e-004  7.6306938e-004  9.0171561e-004  8.9365585e-004  8.9236738e-004  9.8206300e-004  1.2324034e-003  1.2582485e-003  1.0800557e-003  9.8198585e-004  1.1925854e-003  9.2612357e-004  9.3615936e-004  9.0734400e-004  8.2994512e-004  7.1206840e-004  8.3815009e-004  8.9472350e-004  9.9010533e-004  1.0372951e-003  8.4112801e-004  7.7289763e-004  7.1506911e-004  6.5123239e-004  5.8997184e-004  5.9678111e-004  5.9619674e-004  5.4117388e-004  5.0566726e-004  6.0355706e-004
  6.9936418e-004  6.1249079e-004  5.8120931e-004  5.2504989e-004  5.8589597e-004  6.8280698e-004  7.1868943e-004  8.0120499e-004  7.9726976e-004  7.6186053e-004  8.6963647e-004  1.1118485e-003  1.1636849e-003  1.0931024e-003  1.0261584e-003  1.2022741e-003  9.5071860e-004  1.0404966e-003  9.7481864e-004  8.2150653e-004  6.7217252e-004  7.2678975e-004  8.2908183e-004  8.5769870e-004  9.1697638e-004  8.9850752e-004  8.0572842e-004  7.2919623e-004  7.0088870e-004  6.3984837e-004  5.1241771e-004  5.1250775e-004  5.1001871e-004  4.9660047e-004  5.7404942e-004
  5.1528210e-004  4.9842079e-004  5.2550831e-004  4.4939868e-004  5.0083099e-004  5.9271244e-004  5.7993503e-004  6.4678191e-004  7.2580346e-004  8.9138656e-004  9.2818742e-004  1.0897246e-003  1.0991723e-003  9.7999400e-004  8.7833134e-004  1.0288020e-003  8.3912505e-004  8.9828926e-004  8.0422494e-004  6.8195670e-004  6.2191805e-004  6.9797810e-004  7.1312259e-004  7.3501469e-004  7.0466396e-004  6.2021690e-004  6.1677212e-004  6.2369869e-004  6.0148698e-004  5.6677610e-004  4.9466572e-004  4.6283390e-004  4.7243987e-004  4.3760968e-004  4.4598795e-004
  4.2986061e-004  4.1959052e-004  4.6965185e-004  4.4495194e-004  5.5726675e-004  6.3399941e-004  6.0431030e-004  6.7111255e-004  6.9336840e-004  7.9677523e-004  8.2685687e-004  9.5454219e-004  9.2840026e-004  8.5531096e-004  7.8379653e-004  9.2895393e-004  6.8410882e-004  6.3682785e-004  5.6569911e-004  5.0189988e-004  4.2479337e-004  4.2619559e-004  4.6996570e-004  5.0156289e-004  5.7725140e-004  5.8602959e-004  5.0676833e-004  4.6468452e-004  4.4714897e-004  4.3748273e-004  4.0531878e-004  3.9464801e-004  4.3086269e-004  3.7430248e-004  3.7495724e-004
  4.5116125e-004  4.5081180e-004  5.3317595e-004  5.3561508e-004  5.6813154e-004  6.2809035e-004  5.9884877e-004  6.5790048e-004  6.0957505e-004  6.4336777e-004  7.0449345e-004  8.9213707e-004  9.1902420e-004  8.9136749e-004  7.9524880e-004  8.6506494e-004  6.6907642e-004  5.7008866e-004  5.5281134e-004  5.0308133e-004  4.4039048e-004  4.8278997e-004  5.1468160e-004  4.9492888e-004  5.0074167e-004  5.2711369e-004  5.2440534e-004  4.8971066e-004  4.7263778e-004  4.5531608e-004  3.6899200e-004  3.7526182e-004  3.9347935e-004  3.2851419e-004  3.6185964e-004
  4.9882722e-004  4.8483496e-004  5.6733274e-004  6.2485706e-004  6.6692734e-004  6.2461161e-004  5.6255724e-004  5.8988449e-004  5.7356983e-004  6.3440121e-004  7.1108749e-004  9.3455343e-004  8.6279475e-004  7.4973871e-004  6.5562673e-004  7.5309540e-004  6.3014190e-004  6.5414167e-004  6.6374022e-004  5.5859608e-004  4.6790095e-004  5.3024063e-004  5.5884993e-004  5.2560585e-004  5.7964742e-004  5.3919025e-004  5.0319209e-004  4.7887804e-004  4.6915461e-004  4.8073995e-004  3.9239636e-004  3.8957033e-004  3.9307818e-004  3.5737981e-004  4.3050748e-004
  6.6468016e-004  6.9130874e-004  7.0906622e-004  5.9941632e-004  5.5036367e-004  5.7901673e-004  5.8140027e-004  5.6790640e-004  5.2910906e-004  6.9492302e-004  7.8339340e-004  8.8889012e-004  8.8940618e-004  8.4489697e-004  7.0096461e-004  7.3900512e-004  7.1223671e-004  7.4736246e-004  6.9067460e-004  5.8618284e-004  5.1968995e-004  5.5142378e-004  5.7760595e-004  5.4372333e-004  5.2408522e-004  5.4350587e-004  5.1689245e-004  4.4381656e-004  5.3886911e-004  5.2873182e-004  4.1704364e-004  3.9430992e-004  4.4776154e-004  4.3087330e-004  5.0475587e-004
  6.6430129e-004  5.9682010e-004  6.4388679e-004  6.0722690e-004  5.0872715e-004  5.5621087e-004  5.4990573e-004  6.2439443e-004  6.0723925e-004  6.5714684e-004  7.7760092e-004  9.3274274e-004  9.5452725e-004  9.8362706e-004  8.1041103e-004  7.6156421e-004  6.0403133e-004  6.7230621e-004  7.0845474e-004  5.9541797e-004  4.9251992e-004  4.5982097e-004  4.9517558e-004  5.0214347e-004  5.1485504e-004  4.7726608e-004  4.5678939e-004  4.9474107e-004  5.1874533e-004  5.8739717e-004  5.5668763e-004  4.7354553e-004  4.6790742e-004  4.8573349e-004  5.6731308e-004
  5.7830530e-004  5.2209121e-004  5.8472992e-004  6.0273521e-004  5.2644945e-004  5.7371763e-004  5.8577701e-004  6.2377345e-004  6.1382290e-004  7.1997360e-004  8.3419776e-004  9.7287989e-004  1.0587473e-003  9.6838629e-004  7.9092783e-004  8.2494156e-004  6.4496788e-004  6.5745258e-004  6.7781014e-004  6.1050951e-004  5.1739412e-004  6.3979392e-004  6.5455250e-004  5.3611657e-004  5.2643912e-004  4.7456125e-004  4.6087274e-004  4.5095026e-004  5.0599258e-004  5.3738492e-004  5.4715411e-004  5.1076829e-004  5.3718905e-004  4.9226746e-004  5.0340298e-004
  5.7159803e-004  4.9422967e-004  5.7244160e-004  6.3531484e-004  5.9655124e-004  7.1968856e-004  6.6554633e-004  7.4704419e-004  7.2457030e-004  8.1100738e-004  9.2706125e-004  1.0684528e-003  1.1119727e-003  1.0475215e-003  9.3305282e-004  9.4416157e-004  7.7356028e-004  7.2493637e-004  7.0915966e-004  7.4244824e-004  6.6962849e-004  7.3414630e-004  8.4817167e-004  7.2940623e-004  6.8249769e-004  5.8366840e-004  5.2268449e-004  4.9277274e-004  5.1551633e-004  5.5864697e-004  5.0784291e-004  4.5872645e-004  5.2912006e-004  5.3493117e-004  5.4783937e-004
  5.4073259e-004  5.0206842e-004  5.5918693e-004  6.9489050e-004  7.3431380e-004  7.2692183e-004  7.3194064e-004  8.8771215e-004  8.5166368e-004  9.8299556e-004  9.5384497e-004  1.0751064e-003  1.0044457e-003  9.5154789e-004  8.7494079e-004  9.5713881e-004  8.1604093e-004  8.0779233e-004  8.4156993e-004  7.7778359e-004  7.0387792e-004  7.9127171e-004  8.5913660e-004  7.5872182e-004  7.7989028e-004  6.9350792e-004  5.9464083e-004  5.2709582e-004  5.0625363e-004  5.0696652e-004  4.8195312e-004  4.3070656e-004  4.6222058e-004  5.0841007e-004  5.3221962e-004
  4.8483844e-004  4.6640287e-004  5.1882163e-004  5.9212297e-004  5.6553385e-004  6.7172962e-004  6.3088468e-004  7.0047396e-004  6.4154208e-004  7.8555280e-004  9.2113324e-004  1.0639253e-003  1.0091475e-003  1.0273404e-003  1.0754821e-003  1.1007383e-003  9.8788715e-004  9.4381885e-004  8.2488872e-004  7.2743900e-004  6.7457760e-004  6.8376819e-004  7.0763178e-004  7.2050512e-004  7.3574286e-004  5.5925616e-004  5.0156119e-004  4.6949967e-004  4.7937702e-004  4.9930292e-004  4.8748680e-004  4.2089602e-004  4.1306346e-004  4.2831032e-004  4.3765706e-004
  6.5616463e-004  6.5787257e-004  6.5172529e-004  6.9644897e-004  6.6681277e-004  7.3351969e-004  7.4191717e-004  8.6038919e-004  7.4670870e-004  8.6728952e-004  1.0348133e-003  9.9171398e-004  9.0477932e-004  9.3111087e-004  9.4346481e-004  1.0648315e-003  1.0137269e-003  9.6378911e-004  8.9680059e-004  7.5079746e-004  7.0841556e-004  7.5161380e-004  7.6981254e-004  6.8656534e-004  6.6078774e-004  5.4019742e-004  5.0981465e-004  4.7382900e-004  4.6996192e-004  4.9674009e-004  4.7742499e-004  4.7074205e-004  5.0346161e-004  4.6703371e-004  5.3978066e-004
  6.7465036e-004  6.5003964e-004  6.5686378e-004  7.0537420e-004  6.6692930e-004  7.5050087e-004  6.9757902e-004  8.4729006e-004  8.6374915e-004  9.4528106e-004  1.0142842e-003  1.0242710e-003  9.0701358e-004  8.5745662e-004  9.0188517e-004  9.7021675e-004  8.2581036e-004  7.5514749e-004  7.3211938e-004  6.8365274e-004  5.5554685e-004  5.6124222e-004  5.9906270e-004  5.3758160e-004  5.3339151e-004  5.4004631e-004  5.3133350e-004  4.7104314e-004  5.4935996e-004  5.8294355e-004  5.1045603e-004  4.7478388e-004  4.9956231e-004  5.0455916e-004  5.5792690e-004
  6.6837185e-004  7.0654856e-004  7.7597972e-004  8.4396892e-004  8.5044641e-004  1.0135532e-003  9.8191434e-004  1.1398452e-003  9.6886401e-004  9.6790972e-004  9.5252080e-004  9.3267433e-004  8.7873754e-004  8.9867866e-004  9.3224802e-004  8.1686479e-004  6.7116615e-004  6.1198460e-004  6.3851368e-004  6.7224597e-004  6.0949955e-004  5.3719430e-004  5.5362506e-004  5.6499179e-004  6.7193417e-004  7.2675432e-004  7.2236074e-004  6.1202913e-004  5.7314892e-004  6.0801039e-004  6.1837635e-004  5.6198183e-004  5.1605482e-004  5.6678466e-004  6.2962469e-004
  8.2210239e-004  8.3429021e-004  9.6433961e-004  1.1174003e-003  9.6211595e-004  1.0827941e-003  9.9483129e-004  1.1814075e-003  1.0872433e-003  1.1224552e-003  1.2168338e-003  1.2445717e-003  1.1155293e-003  1.0759375e-003  9.6636230e-004  8.8020635e-004  8.1604530e-004  7.6131807e-004  7.2964889e-004  6.4484872e-004  6.3648561e-004  6.5503881e-004  6.5230479e-004  6.7576765e-004  7.0801429e-004  6.6474294e-004  6.4639458e-004  5.9136998e-004  6.6562913e-004  6.9314685e-004  6.1029362e-004  4.9899013e-004  4.7969536e-004  5.8154357e-004  7.3354800e-004
  7.2480712e-004  7.3939634e-004  9.1729695e-004  1.0293136e-003  1.0671124e-003  1.3730083e-003  1.0930054e-003  1.1368099e-003  1.0612803e-003  1.0504863e-003  1.2143192e-003  1.2700278e-003  1.0935531e-003  1.1262070e-003  1.0758502e-003  9.6271411e-004  8.0953028e-004  7.4209869e-004  8.1793052e-004  6.8354908e-004  6.3809723e-004  6.7265316e-004  6.6379674e-004  6.4655081e-004  6.4371414e-004  5.9760785e-004  6.3592724e-004  6.2933144e-004  6.8368665e-004  7.4487261e-004  6.3071538e-004  4.3263079e-004  4.4744766e-004  5.2400486e-004  6.1815747e-004
  7.9682786e-004  8.1726297e-004  9.1543772e-004  9.9447180e-004  9.6198635e-004  1.0977678e-003  9.9095340e-004  1.0652754e-003  9.3349756e-004  1.1187269e-003  1.2146615e-003  1.1528473e-003  1.0111246e-003  1.1538090e-003  1.0773624e-003  9.2505444e-004  8.4464446e-004  7.5512335e-004  8.1837200e-004  6.7296531e-004  6.3607369e-004  6.1493671e-004  5.7959151e-004  5.6353441e-004  6.1149873e-004  6.5417645e-004  5.9965845e-004  5.9721701e-004  6.7453990e-004  6.7842420e-004  5.7548270e-004  4.9631898e-004  5.3954499e-004  5.1783554e-004  6.0933711e-004
  1.0340699e-003  1.1151665e-003  1.1597798e-003  1.1687240e-003  1.0380989e-003  1.0929826e-003  9.9531430e-004  1.2058922e-003  1.1173467e-003  1.1714903e-003  1.3068125e-003  1.4027974e-003  1.3769441e-003  1.5680792e-003  1.3401655e-003  1.0590564e-003  9.7156071e-004  9.6168391e-004  9.1322063e-004  7.7049024e-004  7.5580690e-004  8.2946901e-004  8.5464085e-004  8.0620174e-004  7.7894280e-004  6.8358433e-004  6.9134691e-004  7.3870030e-004  8.3357145e-004  7.9755775e-004  6.8382391e-004  6.4138242e-004  6.5393271e-004  7.3971093e-004  9.2545143e-004
  1.1013103e-003  1.0985433e-003  1.2262222e-003  1.1600157e-003  1.0752791e-003  1.1480455e-003  1.0489111e-003  1.0966424e-003  9.4257604e-004  9.9742844e-004  1.0892427e-003  1.1744594e-003  1.1761841e-003  1.3022903e-003  1.1547765e-003  1.0452127e-003  1.0537561e-003  1.0569997e-003  1.1500435e-003  1.0039107e-003  9.6975959e-004  1.0064258e-003  9.5069675e-004  8.2290228e-004  7.8519582e-004  8.5925520e-004  9.3256671e-004  9.5406039e-004  9.8746818e-004  1.0735252e-003  1.0016317e-003  8.3179499e-004  9.2607311e-004  9.5449721e-004  1.0015822e-003
  1.1388753e-003  1.1478993e-003  1.3348887e-003  1.4589553e-003  1.1766348e-003  1.2972397e-003  1.1574946e-003  1.0794130e-003  8.9271850e-004  9.0733387e-004  1.0191962e-003  1.0544808e-003  9.8588216e-004  1.0871289e-003  1.0321227e-003  9.5032852e-004  9.4795509e-004  9.0908898e-004  9.1729869e-004  7.8236792e-004  7.7140779e-004  8.7725726e-004  8.1621370e-004  8.1905246e-004  8.9051489e-004  9.0335151e-004  8.6369021e-004  8.4504020e-004  1.0053909e-003  1.1273117e-003  1.0774915e-003  9.6897669e-004  9.6944400e-004  1.0201592e-003  1.0975147e-003
  1.2085158e-003  1.2357757e-003  1.3422527e-003  1.3310959e-003  1.2386554e-003  1.3362954e-003  1.1744020e-003  1.2048397e-003  1.0099961e-003  1.0287324e-003  1.1767249e-003  1.2578148e-003  1.1398478e-003  1.3585827e-003  1.2716944e-003  1.0854941e-003  9.5084137e-004  8.1299143e-004  7.6092720e-004  7.5234300e-004  6.4874352e-004  6.8132863e-004  8.1403685e-004  8.4567670e-004  8.8747619e-004  8.2472630e-004  7.7872777e-004  8.0715403e-004  9.5080613e-004  1.0564691e-003  1.0670586e-003  9.4347219e-004  9.5618800e-004  1.0104813e-003  1.0950762e-003
  1.2542612e-003  1.2878733e-003  1.4916323e-003  1.4836216e-003  1.5154941e-003  1.8633320e-003  1.8482526e-003  1.7950112e-003  1.3132495e-003  1.2516851e-003  1.2848557e-003  1.3174713e-003  1.3600960e-003  1.3413236e-003  1.2477698e-003  1.1019739e-003  9.7178747e-004  8.8827640e-004  8.1505439e-004  6.9684298e-004  6.9149099e-004  8.4532251e-004  9.9068419e-004  1.1206669e-003  1.1006098e-003  1.0363361e-003  9.6901130e-004  1.0107639e-003  1.3194784e-003  1.4445750e-003  1.3172047e-003  1.0869122e-003  1.0738998e-003  1.0646003e-003  1.1106804e-003
  1.1675202e-003  1.1790810e-003  1.3618747e-003  1.4172857e-003  1.3589448e-003  1.7149376e-003  1.6847871e-003  1.9358325e-003  1.6057495e-003  1.3159961e-003  1.3206398e-003  1.3951399e-003  1.4360590e-003  1.5184307e-003  1.4015793e-003  1.2232524e-003  1.0109685e-003  9.0593487e-004  9.1378982e-004  8.5791117e-004  7.5163236e-004  9.0165358e-004  1.0340447e-003  9.7326423e-004  9.4288906e-004  9.6951164e-004  9.9818712e-004  1.0828344e-003  1.2901570e-003  1.2171578e-003  1.1037756e-003  9.6482984e-004  9.3154123e-004  9.4684007e-004  1.0099343e-003
  1.0504222e-003  1.1339840e-003  1.2742327e-003  1.3194251e-003  1.4139286e-003  1.5094913e-003  1.4282518e-003  1.7032572e-003  1.5521152e-003  1.4667036e-003  1.6888288e-003  1.5823682e-003  1.4246859e-003  1.4634607e-003  1.2569843e-003  1.0648896e-003  8.8447029e-004  8.5691861e-004  8.1194854e-004  7.3979677e-004  7.1693002e-004  7.2509426e-004  6.7955683e-004  6.9776006e-004  7.8745805e-004  8.8326906e-004  8.7331068e-004  8.4824683e-004  9.2952416e-004  9.3392104e-004  8.1331313e-004  7.3819992e-004  7.9640099e-004  8.7553511e-004  9.8141916e-004
