  3.8157236e-005  3.6766622e-005  3.7837899e-005  3.8544586e-005  3.6323861e-005  3.5028397e-005  3.5460917e-005  3.1227914e-005  2.6908974e-005  3.3580712e-005  3.3075224e-005  3.2502511e-005  3.1893823e-005  2.8669225e-005  3.2056214e-005  3.2595214e-005  3.4637865e-005  3.6577589e-005  3.9979236e-005  4.7862694e-005  4.6301624e-005  4.4962202e-005  4.1240662e-005  4.3445521e-005  4.1829875e-005  3.7695307e-005  3.6242144e-005  3.9416926e-005  3.6652699e-005  3.2455982e-005  3.5656025e-005  4.2847253e-005  3.9748131e-005  3.6051484e-005  3.5272992e-005
  4.0757053e-005  3.9635846e-005  3.8357218e-005  3.7453612e-005  3.5863804e-005  3.2556824e-005  3.2605674e-005  3.1660118e-005  3.0128416e-005  3.5412885e-005  3.4494786e-005  3.4918903e-005  3.4257020e-005  3.0370065e-005  3.1242628e-005  3.0895457e-005  3.2144891e-005  3.4863092e-005  3.6782600e-005  4.1604168e-005  4.0898262e-005  3.8036834e-005  4.0247908e-005  4.3231802e-005  4.0076819e-005  3.8889636e-005  3.4397494e-005  3.5307393e-005  3.4685450e-005  3.3964114e-005  3.6316041e-005  4.4181910e-005  4.1023565e-005  3.6427871e-005  3.6552291e-005
  3.9795344e-005  4.2315549e-005  3.9138887e-005  3.4673032e-005  3.3775015e-005  3.1856751e-005  3.2057495e-005  3.0864411e-005  3.0774945e-005  3.6610100e-005  3.3927909e-005  3.4510360e-005  3.4539521e-005  3.4811170e-005  3.7261725e-005  3.4274388e-005  3.6220580e-005  3.6458340e-005  3.9896044e-005  4.3681366e-005  3.7632180e-005  3.4683682e-005  3.6786316e-005  4.1628064e-005  3.8557032e-005  3.9189223e-005  3.5905662e-005  3.3324219e-005  3.0588731e-005  3.0070675e-005  3.4669571e-005  4.1620232e-005  3.8197687e-005  3.3935212e-005  3.4225191e-005
  3.5397130e-005  3.4551819e-005  3.4763909e-005  3.2788915e-005  3.2427234e-005  3.0210732e-005  3.1528629e-005  3.2051660e-005  2.9197344e-005  3.3921709e-005  3.4198861e-005  3.4920346e-005  3.5625245e-005  3.4376575e-005  3.4665055e-005  3.2271631e-005  3.2388186e-005  3.3214297e-005  3.3078818e-005  3.3884732e-005  3.2919090e-005  3.2446833e-005  3.3287687e-005  4.0360740e-005  3.6283696e-005  3.2035579e-005  2.9221243e-005  3.1111102e-005  2.9281215e-005  2.7442959e-005  2.9595209e-005  3.5429904e-005  3.4839082e-005  3.3549656e-005  3.3503512e-005
  3.6831599e-005  3.5696179e-005  3.7448394e-005  3.8841237e-005  4.0009660e-005  3.7042125e-005  3.6152284e-005  3.4481750e-005  3.4374182e-005  3.9189216e-005  3.7701481e-005  3.5870324e-005  3.7944109e-005  3.8748018e-005  3.6493258e-005  3.3398362e-005  3.1721975e-005  3.2161231e-005  3.3663609e-005  3.3270427e-005  3.2933613e-005  3.3161930e-005  3.4760862e-005  4.0462785e-005  3.6680922e-005  3.5701040e-005  3.1709147e-005  3.4118580e-005  3.1685515e-005  2.9237909e-005  3.2396945e-005  3.8782821e-005  3.6993398e-005  3.5492940e-005  3.5044919e-005
  4.1232233e-005  4.0008375e-005  4.1606606e-005  4.0058256e-005  4.2089183e-005  4.2297370e-005  4.2040428e-005  3.7780191e-005  3.7735798e-005  4.4700760e-005  4.2129941e-005  4.0055089e-005  4.1668617e-005  4.1911107e-005  4.2595056e-005  3.9275037e-005  3.9778656e-005  4.0189993e-005  4.1210906e-005  4.4365157e-005  4.3508250e-005  4.4927205e-005  4.6133292e-005  5.1442958e-005  4.6441194e-005  4.7431818e-005  4.2580196e-005  4.1437254e-005  3.4767295e-005  3.2754668e-005  3.9380598e-005  4.3723262e-005  4.0866849e-005  3.8506968e-005  3.8588167e-005
  4.7164135e-005  4.6308331e-005  4.7577618e-005  4.6170314e-005  4.9735448e-005  4.4494324e-005  4.3430373e-005  3.9896627e-005  3.7642010e-005  4.2003936e-005  4.5442199e-005  4.3288745e-005  4.0430701e-005  4.3727789e-005  4.7468026e-005  4.3690299e-005  4.3711993e-005  4.9432880e-005  5.4844182e-005  5.8861487e-005  5.3061886e-005  5.0663169e-005  5.3363246e-005  5.7745002e-005  5.1908963e-005  4.6443450e-005  4.2671816e-005  4.6249251e-005  3.9295019e-005  3.5840297e-005  4.0692835e-005  4.2937223e-005  4.3164899e-005  4.3943722e-005  4.2860315e-005
  4.9761251e-005  4.7953364e-005  4.6847757e-005  4.7810423e-005  5.5147112e-005  5.3055135e-005  5.3454308e-005  4.4964091e-005  4.1383416e-005  4.3127294e-005  3.9152961e-005  3.9099497e-005  4.1124268e-005  4.1326028e-005  4.1929413e-005  4.4025738e-005  4.9141148e-005  5.3065356e-005  5.7602336e-005  6.0849161e-005  5.6337349e-005  6.0585468e-005  6.3817054e-005  6.9513263e-005  6.3087979e-005  5.5410360e-005  4.6448932e-005  4.5865148e-005  4.1441521e-005  4.2767274e-005  5.2152574e-005  5.8981285e-005  5.8161896e-005  5.3730567e-005  4.7414203e-005
  5.1524273e-005  5.2672858e-005  5.6418749e-005  5.8826685e-005  5.9666427e-005  5.5537162e-005  5.7469428e-005  5.2509641e-005  5.1493988e-005  5.1970369e-005  5.1290023e-005  4.8375482e-005  4.6699976e-005  4.8840474e-005  4.9435870e-005  4.9579651e-005  5.1564349e-005  6.1342988e-005  7.1300338e-005  7.0522570e-005  6.5157065e-005  6.7048783e-005  6.9152567e-005  7.0842916e-005  6.5507411e-005  6.2769397e-005  5.5933658e-005  5.7673163e-005  5.1994127e-005  5.1298864e-005  6.1875483e-005  6.8208270e-005  6.1686627e-005  5.7167659e-005  4.9509847e-005
  4.9723386e-005  5.1930646e-005  5.4521930e-005  5.7030671e-005  6.0192566e-005  5.8710689e-005  6.0217540e-005  5.6358734e-005  5.5076019e-005  5.5078336e-005  5.4549473e-005  5.1155741e-005  5.1225618e-005  5.3526871e-005  5.2643709e-005  4.9721028e-005  5.2120368e-005  5.8779555e-005  6.9576094e-005  7.7461604e-005  6.4861318e-005  5.8961503e-005  6.2891752e-005  7.3319847e-005  7.0558161e-005  6.5288005e-005  5.8289328e-005  5.3781311e-005  5.0483372e-005  5.4520326e-005  6.8305781e-005  7.2255366e-005  6.5524223e-005  6.1012459e-005  5.0299104e-005
  5.2330664e-005  5.1230341e-005  5.5589989e-005  5.5863281e-005  5.8548419e-005  5.8837357e-005  6.1684484e-005  5.5527249e-005  5.9362691e-005  6.4512049e-005  6.3878310e-005  5.7689209e-005  5.7377315e-005  5.9017279e-005  6.0440245e-005  5.7391092e-005  5.3232829e-005  5.9204715e-005  6.7779128e-005  7.4718338e-005  6.9792563e-005  6.7856073e-005  6.9571708e-005  7.6590854e-005  7.9427895e-005  7.9728965e-005  7.2684821e-005  7.0228572e-005  5.7152412e-005  5.4722935e-005  6.5521633e-005  6.5951170e-005  6.3495607e-005  6.1153723e-005  5.4661842e-005
  5.7815112e-005  5.7137389e-005  6.3327671e-005  6.5255891e-005  6.6249378e-005  6.6107785e-005  6.9150927e-005  6.0894767e-005  6.1931373e-005  7.2467992e-005  7.9931277e-005  6.8950323e-005  6.8992801e-005  6.9712125e-005  6.0749274e-005  5.9632685e-005  6.3359176e-005  6.9845665e-005  7.2798228e-005  8.1551486e-005  8.2594392e-005  7.8445860e-005  8.6151972e-005  8.9529424e-005  7.8822343e-005  7.6304821e-005  7.4955297e-005  7.2303709e-005  6.5442804e-005  6.2611482e-005  7.0875887e-005  6.8152721e-005  6.5591495e-005  6.2968159e-005  5.7465481e-005
  5.1215782e-005  5.3311979e-005  5.3518694e-005  5.7049264e-005  5.7247561e-005  5.6819206e-005  5.8221183e-005  5.0004376e-005  5.3406407e-005  5.9004106e-005  6.2477513e-005  5.6530042e-005  6.0507019e-005  6.1581688e-005  5.7137563e-005  5.6473675e-005  6.0249596e-005  6.8617477e-005  7.1374282e-005  8.1624923e-005  7.3323216e-005  6.7212303e-005  7.1602109e-005  7.5444896e-005  7.3336567e-005  7.3741806e-005  7.1883022e-005  6.5460399e-005  5.8716377e-005  5.9967462e-005  6.4429341e-005  6.1541207e-005  5.6443636e-005  5.1461310e-005  4.7617551e-005
  5.8757307e-005  5.5269038e-005  5.4189901e-005  5.5414066e-005  6.1513609e-005  6.6313292e-005  6.5682031e-005  5.7540671e-005  5.9619790e-005  6.5583636e-005  7.1231148e-005  6.3696523e-005  6.5265229e-005  6.9240848e-005  6.8378314e-005  7.4205638e-005  7.8292072e-005  8.3131334e-005  9.0723098e-005  1.0085154e-004  8.8022432e-005  8.0228169e-005  8.3772488e-005  8.2032994e-005  7.3865911e-005  7.2814306e-005  7.0177264e-005  7.2575694e-005  7.0402196e-005  7.4112134e-005  8.0485560e-005  7.8210730e-005  6.8559658e-005  5.8188090e-005  5.6772159e-005
  5.1122662e-005  5.3288947e-005  5.7179406e-005  5.7208900e-005  5.7290892e-005  6.1434058e-005  6.8229300e-005  5.6788836e-005  5.9919899e-005  6.8940062e-005  7.4577350e-005  6.6343604e-005  6.6767264e-005  7.0463853e-005  6.4603825e-005  6.2603561e-005  6.6841123e-005  7.4653452e-005  7.8720815e-005  8.5946369e-005  7.4354584e-005  7.2431699e-005  7.1815203e-005  6.5712173e-005  6.6150187e-005  6.4308660e-005  6.4718213e-005  6.3825699e-005  6.2223886e-005  6.5445394e-005  7.4137527e-005  7.5878091e-005  7.3221256e-005  6.3955819e-005  5.2572804e-005
  6.5427427e-005  6.0569542e-005  5.5986198e-005  5.6538421e-005  5.8831460e-005  6.4280623e-005  6.5402195e-005  5.5908732e-005  5.9807774e-005  6.3786990e-005  6.7194563e-005  6.4285244e-005  6.9438475e-005  6.7360349e-005  6.2584374e-005  6.4104287e-005  6.9160633e-005  7.2070002e-005  7.0099068e-005  7.8594317e-005  7.3140471e-005  6.4875613e-005  6.5541211e-005  6.8807412e-005  6.5369589e-005  6.1457153e-005  6.1570762e-005  6.4453552e-005  6.2157243e-005  6.5136707e-005  7.5818020e-005  7.4969944e-005  7.0742403e-005  6.3748284e-005  6.0555925e-005
  7.3387526e-005  7.6835473e-005  8.0574581e-005  7.7266779e-005  7.2419337e-005  7.0925893e-005  6.7888526e-005  6.1417468e-005  6.5014471e-005  6.9943278e-005  7.7246535e-005  7.8612693e-005  8.1235327e-005  8.2697335e-005  7.7952247e-005  7.9422234e-005  8.3698289e-005  7.8485761e-005  8.3454714e-005  8.9549637e-005  7.8368500e-005  8.1558924e-005  8.1757966e-005  8.3765704e-005  8.8353909e-005  8.3040194e-005  7.5488813e-005  6.7696854e-005  6.0172886e-005  6.3395539e-005  7.4472579e-005  7.8999308e-005  8.3348478e-005  7.6400887e-005  6.8440268e-005
  6.8204147e-005  6.9502442e-005  6.9748625e-005  6.7938103e-005  6.4347050e-005  6.6653392e-005  6.6296624e-005  5.8170789e-005  5.9374231e-005  6.5085620e-005  7.1682203e-005  7.0468480e-005  7.4077184e-005  8.0574932e-005  8.0524702e-005  8.2984539e-005  8.4290629e-005  7.9441655e-005  8.1342012e-005  8.4778014e-005  7.6804676e-005  8.1318281e-005  7.9257729e-005  8.3549445e-005  8.5209588e-005  7.8066338e-005  7.3306905e-005  6.5637647e-005  6.1901742e-005  6.1561773e-005  7.4227885e-005  7.3036900e-005  6.8711510e-005  6.5278711e-005  6.3007594e-005
  6.8548033e-005  7.0102626e-005  7.5152540e-005  7.2497724e-005  6.3280976e-005  6.8219079e-005  7.2555187e-005  6.4947580e-005  6.5527624e-005  7.5131027e-005  8.1839092e-005  7.2748916e-005  7.4331730e-005  7.7441026e-005  7.0999614e-005  7.7079130e-005  8.0669430e-005  8.3204835e-005  9.2196006e-005  9.8010595e-005  8.4097855e-005  8.6671331e-005  8.6089733e-005  8.7497919e-005  8.1378782e-005  7.5159325e-005  7.2717027e-005  6.8886388e-005  6.1844909e-005  5.7367423e-005  6.4894946e-005  6.8448911e-005  6.9611968e-005  6.4110870e-005  6.4040333e-005
  6.0758242e-005  6.7397970e-005  7.2383152e-005  6.5873032e-005  6.3363730e-005  6.6230382e-005  6.5681122e-005  6.0437930e-005  6.6058572e-005  7.5922512e-005  8.0035846e-005  7.9900268e-005  8.0966558e-005  7.6287553e-005  7.2843988e-005  7.6430762e-005  7.9789220e-005  8.0907403e-005  8.4336094e-005  8.9659173e-005  7.9367960e-005  8.0514164e-005  7.6434248e-005  7.4073090e-005  6.8503245e-005  6.3458887e-005  6.2977575e-005  5.6561902e-005  5.6167059e-005  5.9101022e-005  6.5320342e-005  6.7078230e-005  7.1886608e-005  6.6539568e-005  6.2845017e-005
  6.6909588e-005  6.3915541e-005  6.8560937e-005  7.3006642e-005  7.4987104e-005  7.8816440e-005  7.1190051e-005  6.3654269e-005  6.9660979e-005  7.4032827e-005  7.4516241e-005  7.2287163e-005  7.5494517e-005  8.1215346e-005  7.8300760e-005  8.4237583e-005  8.6199606e-005  8.6268559e-005  8.6323799e-005  8.9120776e-005  8.1108058e-005  8.2648349e-005  7.9523844e-005  8.2750870e-005  8.2158647e-005  7.7199403e-005  7.3227053e-005  6.5134377e-005  6.1758008e-005  6.3439862e-005  7.0880833e-005  6.9338649e-005  7.2393119e-005  6.9902874e-005  6.8853171e-005
  6.3046062e-005  6.5334679e-005  7.2113154e-005  7.3462033e-005  7.2787719e-005  8.2413585e-005  7.8966369e-005  6.8541549e-005  6.8300271e-005  7.7166174e-005  7.8789205e-005  7.7843936e-005  8.8147303e-005  9.3249083e-005  8.8846066e-005  9.6421541e-005  9.6894344e-005  9.1461243e-005  9.1571454e-005  9.3757766e-005  8.8056837e-005  8.9621027e-005  8.2588975e-005  8.5155778e-005  7.7873094e-005  7.3597602e-005  7.2197520e-005  6.4075353e-005  6.4316691e-005  6.5953836e-005  6.9649816e-005  6.8811457e-005  6.9220452e-005  6.4237212e-005  6.4251584e-005
  5.9934465e-005  6.3165011e-005  6.2634621e-005  6.1254759e-005  5.9346440e-005  6.7926238e-005  6.5924221e-005  6.3664766e-005  6.4580768e-005  6.7091869e-005  7.4680892e-005  7.2746834e-005  7.5601468e-005  7.7587218e-005  7.2727086e-005  7.9734380e-005  8.0610910e-005  8.1927754e-005  8.3283112e-005  8.6368248e-005  7.1024879e-005  7.4669775e-005  6.8077203e-005  7.0580270e-005  7.2322153e-005  6.4783041e-005  6.9192958e-005  6.1557896e-005  5.9361543e-005  5.8673500e-005  5.9666694e-005  5.9780380e-005  5.7909147e-005  6.0805195e-005  6.3249140e-005
  6.3267211e-005  5.7951262e-005  6.0718086e-005  5.8792981e-005  5.9504210e-005  6.8118198e-005  6.4937373e-005  6.4637577e-005  6.5453259e-005  7.1602525e-005  7.0719214e-005  6.3079278e-005  6.3053716e-005  6.4485654e-005  6.2393903e-005  6.4861496e-005  6.8976591e-005  7.0872418e-005  7.1131669e-005  7.7136658e-005  6.8628173e-005  6.7416657e-005  6.1075259e-005  6.7854856e-005  6.2640859e-005  5.7450331e-005  6.5558882e-005  6.2466367e-005  6.7975209e-005  6.2070242e-005  6.3130401e-005  6.5893211e-005  6.8366053e-005  6.7178824e-005  6.3336680e-005
  7.5913049e-005  7.1178889e-005  6.5037077e-005  5.8982556e-005  5.5883233e-005  5.9438224e-005  5.9211069e-005  5.9346605e-005  5.9611215e-005  6.5533168e-005  6.9687603e-005  6.2761373e-005  5.9205739e-005  6.0642871e-005  5.9996312e-005  5.9744730e-005  5.5977984e-005  5.8677817e-005  5.8319467e-005  6.0512289e-005  5.8761820e-005  6.2855265e-005  5.8618636e-005  6.9537729e-005  7.5070130e-005  6.5282830e-005  6.4873332e-005  5.8608466e-005  5.8989874e-005  6.5220254e-005  7.3270451e-005  8.1301078e-005  8.3872119e-005  7.4630955e-005  7.1767079e-005
  7.8551664e-005  7.1564738e-005  6.8410227e-005  6.0548334e-005  5.6299608e-005  5.9979233e-005  6.1014293e-005  5.8446521e-005  5.3703456e-005  5.5148243e-005  5.4621429e-005  5.4654629e-005  5.6766460e-005  5.7697202e-005  5.3053985e-005  5.0079687e-005  4.9695583e-005  4.9949332e-005  5.0604019e-005  5.7640261e-005  5.5100308e-005  5.9818951e-005  5.9862023e-005  7.0741065e-005  7.3375043e-005  7.2345293e-005  7.5502787e-005  6.6274533e-005  6.6657446e-005  7.4017930e-005  8.1131435e-005  8.4298829e-005  8.6881300e-005  8.5616965e-005  8.1992756e-005
  7.8958363e-005  7.3216869e-005  7.1349360e-005  6.0962924e-005  5.9413422e-005  6.2550356e-005  5.9307405e-005  5.6421869e-005  5.2051724e-005  5.5290504e-005  5.6511419e-005  5.1813922e-005  4.7236622e-005  4.7927812e-005  4.7122383e-005  4.6166754e-005  4.4647634e-005  4.6175127e-005  4.9497184e-005  5.6260469e-005  5.4407927e-005  5.9107029e-005  5.3340376e-005  6.0910231e-005  6.8898891e-005  6.9908292e-005  7.0848475e-005  6.8785012e-005  7.4703259e-005  7.6894686e-005  8.2880768e-005  8.8417830e-005  7.9530924e-005  7.6914465e-005  7.9545031e-005
  7.3438374e-005  6.7481194e-005  6.8383883e-005  6.0076429e-005  5.8886051e-005  5.8766170e-005  4.9775659e-005  4.4791577e-005  4.2380688e-005  4.7559048e-005  5.0087141e-005  4.9683888e-005  4.6978749e-005  4.4125931e-005  4.1892208e-005  3.9023723e-005  3.8827182e-005  4.1564204e-005  4.3800845e-005  4.7062666e-005  4.6082231e-005  4.9626814e-005  4.9576883e-005  6.1904916e-005  6.2477300e-005  5.5331668e-005  5.7131225e-005  5.6862032e-005  5.8374255e-005  6.3400632e-005  6.4410715e-005  7.2202585e-005  7.5982316e-005  7.3761089e-005  7.5533676e-005
  7.7175410e-005  7.0604801e-005  6.9678388e-005  6.0869034e-005  5.5431978e-005  5.9109280e-005  5.3928808e-005  4.6660616e-005  3.9373495e-005  4.2529878e-005  4.0216716e-005  3.8259526e-005  3.5814209e-005  3.4047022e-005  2.9802470e-005  2.8355717e-005  3.0295007e-005  3.1699172e-005  3.2741733e-005  3.6082878e-005  3.6012285e-005  3.7004109e-005  3.7414621e-005  4.2231079e-005  4.2913210e-005  3.7625641e-005  3.8596722e-005  4.2417295e-005  4.5313718e-005  5.0374507e-005  5.4454387e-005  5.8856875e-005  6.0958118e-005  6.8082986e-005  7.1176427e-005
  7.3717532e-005  6.9355826e-005  7.0114134e-005  6.0499359e-005  5.5653813e-005  5.4893285e-005  5.3913747e-005  4.8666499e-005  3.9525188e-005  4.2262134e-005  4.1091762e-005  3.9226613e-005  3.4005716e-005  3.2768685e-005  3.0852937e-005  2.9025239e-005  2.9294329e-005  2.9017771e-005  3.2385266e-005  3.6659388e-005  3.2807560e-005  3.1837678e-005  3.0730423e-005  3.5378193e-005  3.5404155e-005  3.5730050e-005  4.1308411e-005  4.3213690e-005  4.5762601e-005  5.0367565e-005  5.4457379e-005  6.0935522e-005  6.2253907e-005  6.7298692e-005  6.9158569e-005
  6.6377843e-005  6.1320886e-005  6.1380480e-005  5.5759362e-005  5.2648050e-005  5.2595777e-005  4.7533237e-005  4.3872742e-005  3.8760157e-005  3.9666113e-005  3.3577828e-005  3.1710573e-005  2.7690629e-005  2.5638837e-005  2.6145984e-005  2.6129992e-005  2.5534090e-005  2.6492091e-005  2.8031986e-005  2.9396396e-005  3.0361082e-005  3.0138856e-005  2.8222610e-005  3.0659410e-005  3.2058138e-005  3.4188937e-005  3.5248129e-005  3.7172615e-005  4.0078298e-005  4.3187831e-005  4.3595490e-005  4.8140556e-005  5.0518595e-005  5.5569412e-005  5.9548443e-005
  6.0963243e-005  6.0302245e-005  6.1230643e-005  5.3767736e-005  5.5163711e-005  6.4219749e-005  6.2654965e-005  5.2234542e-005  4.0037895e-005  3.8762490e-005  3.5633325e-005  3.1141925e-005  2.9233368e-005  3.1069985e-005  3.2793952e-005  3.0978413e-005  2.8476306e-005  2.9293908e-005  2.9041735e-005  2.9072793e-005  2.9721485e-005  3.2861626e-005  3.4615116e-005  3.7882389e-005  3.7732152e-005  3.7586506e-005  4.0490919e-005  3.9722863e-005  3.9522880e-005  4.2445918e-005  4.4091106e-005  5.0738963e-005  4.8708175e-005  5.0618219e-005  5.5649659e-005
  6.4944034e-005  6.6219524e-005  6.8182672e-005  6.0484077e-005  5.9518491e-005  5.9540858e-005  5.5068464e-005  5.1981210e-005  4.3855481e-005  4.4267766e-005  4.1281893e-005  3.5144516e-005  2.9084358e-005  3.1693849e-005  3.3490586e-005  2.9373671e-005  3.0215007e-005  3.0075396e-005  3.0879711e-005  3.3444742e-005  3.1234132e-005  2.9438145e-005  2.8728180e-005  3.3216255e-005  3.5951375e-005  3.5154459e-005  3.6728985e-005  4.0369651e-005  4.2701358e-005  4.5186673e-005  4.4623211e-005  5.1600041e-005  5.0908511e-005  4.8741930e-005  5.5276965e-005
  5.6337098e-005  5.0601123e-005  5.2110316e-005  5.5034062e-005  5.6153873e-005  5.0645601e-005  4.6987359e-005  4.4833582e-005  3.9025541e-005  4.2750883e-005  4.0412630e-005  3.7277840e-005  3.2783168e-005  3.1656557e-005  3.4399836e-005  2.9351424e-005  2.7490150e-005  2.9083326e-005  2.8508253e-005  3.0866749e-005  3.1210575e-005  2.8171837e-005  2.8944030e-005  3.1863039e-005  3.1534341e-005  2.9753523e-005  2.8633696e-005  3.0903646e-005  3.8028402e-005  4.1683179e-005  4.0262934e-005  4.5021680e-005  4.7168129e-005  4.7327079e-005  5.2760239e-005
  4.1022572e-005  4.1228244e-005  4.5654542e-005  4.8509575e-005  4.8205443e-005  4.8729687e-005  4.7753585e-005  4.4668490e-005  4.0846148e-005  4.1072599e-005  3.6370554e-005  3.3196687e-005  2.9009073e-005  2.9461968e-005  3.1521037e-005  2.8742832e-005  2.7303433e-005  2.7827332e-005  2.7976327e-005  2.9300400e-005  2.6851832e-005  2.5426413e-005  2.5770430e-005  2.8804995e-005  2.9808944e-005  2.7842010e-005  2.8105141e-005  2.8675697e-005  3.1125754e-005  3.5610962e-005  3.5462595e-005  3.7444935e-005  3.8119163e-005  3.7529507e-005  3.7977805e-005
  4.4655462e-005  4.0002392e-005  4.1368479e-005  4.6431625e-005  4.6510888e-005  4.6830552e-005  4.4842828e-005  4.1833744e-005  3.9396738e-005  4.2127435e-005  3.6626253e-005  3.4640158e-005  3.1643543e-005  2.9338616e-005  2.8894596e-005  2.5958340e-005  2.5931812e-005  2.8481270e-005  2.8250803e-005  2.8170364e-005  2.7328540e-005  2.6674955e-005  2.8620969e-005  3.0372734e-005  3.3575141e-005  3.2543827e-005  3.0375627e-005  2.9190145e-005  2.9874708e-005  3.1814965e-005  3.0919511e-005  3.7915430e-005  3.9185754e-005  4.0312780e-005  4.3456072e-005
  4.5566733e-005  4.5683341e-005  4.5923309e-005  4.4424932e-005  4.3675102e-005  4.4051408e-005  4.3729786e-005  3.8594665e-005  3.2426153e-005  3.8274921e-005  3.6125537e-005  3.0989920e-005  2.7273007e-005  2.5775102e-005  2.5148624e-005  2.1253584e-005  2.1187679e-005  2.6070897e-005  2.9231528e-005  3.3501190e-005  3.2846710e-005  3.1912466e-005  3.2793340e-005  3.6292515e-005  3.9168421e-005  3.3839262e-005  3.0022790e-005  3.0531032e-005  2.7863683e-005  2.8495579e-005  3.2152574e-005  3.7819236e-005  3.8665867e-005  4.0530988e-005  4.3282802e-005
  4.3200560e-005  4.2672079e-005  4.1815992e-005  3.9135834e-005  3.7429141e-005  3.7733898e-005  3.6579481e-005  3.4441771e-005  3.0717394e-005  3.3689679e-005  3.2734395e-005  2.8917047e-005  2.6252166e-005  2.6920652e-005  2.6455544e-005  2.2703683e-005  2.2540448e-005  2.7100952e-005  3.0203956e-005  3.3566687e-005  3.4302909e-005  3.4930301e-005  3.7723071e-005  3.9895755e-005  3.8718780e-005  3.8495499e-005  3.6025647e-005  3.4804445e-005  3.2725406e-005  3.2895709e-005  3.2655561e-005  3.5099062e-005  3.4692310e-005  3.7111804e-005  3.9237636e-005
  3.4255894e-005  3.3025926e-005  3.0904463e-005  3.2615182e-005  3.4237377e-005  3.3988974e-005  3.2532955e-005  3.0170693e-005  2.7436133e-005  3.2184969e-005  3.2908768e-005  3.0313348e-005  2.6291184e-005  2.5244218e-005  2.6675799e-005  2.4045485e-005  2.3295632e-005  2.6674708e-005  2.8916825e-005  3.1930066e-005  3.2636831e-005  3.4658084e-005  3.7042467e-005  4.0807633e-005  4.1385713e-005  3.6023244e-005  2.9366892e-005  2.9079066e-005  2.8763147e-005  2.8509652e-005  2.8578809e-005  3.2198335e-005  3.1332251e-005  3.1025719e-005  3.2056881e-005
  3.2967273e-005  3.1432807e-005  3.2078188e-005  3.3938529e-005  3.5969415e-005  3.6185053e-005  3.3797029e-005  3.1230847e-005  2.8312062e-005  3.2065860e-005  3.2066520e-005  2.9729010e-005  2.7429531e-005  2.9011032e-005  3.0982524e-005  3.0589457e-005  3.3278594e-005  3.5246232e-005  3.6142536e-005  4.0024613e-005  3.7356880e-005  3.8421170e-005  4.1748661e-005  4.6552109e-005  4.4986842e-005  3.7868721e-005  3.5564367e-005  3.6423144e-005  3.3303919e-005  3.0637577e-005  3.3789726e-005  4.2357407e-005  3.6821925e-005  3.0887699e-005  3.0595197e-005
