#time:                     0
#                   A                   Q                Qnum
              CS000           22.365505                  25           24.999906
              CS001           22.365452                  25           24.999924
              CS002           22.365415                  25           24.999967
              CS003             22.3654                  25           24.999992
              CS004           22.365435                  25           25.000015
              CS005           22.365495                  25           24.999972
              CS006           22.365698                  25           25.000053
              CS007           22.365805                  25           24.999899
              CS008           22.366359                  25            25.00019
              CS009           22.366333                  25           24.999516
              CS010           22.365908                  25           24.998898
              CS011           22.365452                  25           24.999923
              CS012           22.365415                  25           24.999967
              CS013             22.3654                  25           24.999992
              CS014           22.365435                  25           25.000015
              CS015           22.365495                  25           24.999972
              CS016           22.365698                  25           25.000053
              CS017           22.365805                  25           24.999899
              CS018           22.366359                  25            25.00019
              CS019           22.366333                  25           24.999516
              CS020           22.365908                  25           24.998898
              CS021           22.365452                  25           24.999923
              CS022           22.365415                  25           24.999967
              CS023             22.3654                  25           24.999992
              CS024           22.365435                  25           25.000015
              CS025           22.365495                  25           24.999972
              CS026           22.365698                  25           25.000053
              CS027           22.365805                  25           24.999899
              CS028           22.366359                  25            25.00019
              CS029           22.366333                  25           24.999516
              CS030           22.365908                  25           24.998898
              CS031           22.365452                  25           24.999923
              CS032           22.365415                  25           24.999967
              CS033             22.3654                  25           24.999992
              CS034           22.365435                  25           25.000015
              CS035           22.365495                  25           24.999972
              CS036           22.365698                  25           25.000053
              CS037           22.365805                  25           24.999899
              CS038           22.366359                  25            25.00019
              CS039           22.366333                  25           24.999516
              CS040           22.365908                  25           24.998898
              CS041           22.365452                  25           24.999923
              CS042           22.365415                  25           24.999967
              CS043             22.3654                  25           24.999992
              CS044           22.365435                  25           25.000015
              CS045           22.365495                  25           24.999972
              CS046           22.365698                  25           25.000053
              CS047           22.365805                  25           24.999899
              CS048           22.366359                  25            25.00019
              CS049           22.366333                  25           24.999516
              CS050           22.365908                  25           24.998898
              CS051           22.365452                  25           24.999923
              CS052           22.365415                  25           24.999967
              CS053             22.3654                  25           24.999992
              CS054           22.365435                  25           25.000015
              CS055           22.365495                  25           24.999972
              CS056           22.365698                  25           25.000053
              CS057           22.365805                  25           24.999899
              CS058           22.366359                  25            25.00019
              CS059           22.366333                  25           24.999516
              CS060           22.365908                  25           24.998898
              CS061           22.365452                  25           24.999923
              CS062           22.365415                  25           24.999967
              CS063             22.3654                  25           24.999992
              CS064           22.365435                  25           25.000015
              CS065           22.365495                  25           24.999972
              CS066           22.365698                  25           25.000053
              CS067           22.365805                  25           24.999899
              CS068           22.366359                  25            25.00019
              CS069           22.366333                  25           24.999516
              CS070           22.365908                  25           24.998898
              CS071           22.365452                  25           24.999923
              CS072           22.365415                  25           24.999967
              CS073             22.3654                  25           24.999992
              CS074           22.365435                  25           25.000015
              CS075           22.365495                  25           24.999972
              CS076           22.365698                  25           25.000053
              CS077           22.365805                  25           24.999899
              CS078           22.366359                  25            25.00019
              CS079           22.366333                  25           24.999516
              CS080           22.365908                  25           24.998898
              CS081           22.365452                  25           24.999923
              CS082           22.365415                  25           24.999967
              CS083             22.3654                  25           24.999992
              CS084           22.365435                  25           25.000015
              CS085           22.365495                  25           24.999972
              CS086           22.365698                  25           25.000053
              CS087           22.365805                  25           24.999899
              CS088           22.366359                  25            25.00019
              CS089           22.366333                  25           24.999516
              CS090           22.365908                  25           24.998898
              CS091           22.365452                  25           24.999923
              CS092           22.365415                  25           24.999967
              CS093             22.3654                  25           24.999992
              CS094           22.365435                  25           25.000015
              CS095           22.365495                  25           24.999972
              CS096           22.365698                  25           25.000053
              CS097           22.365805                  25           24.999899
              CS098           22.366359                  25            25.00019
              CS099           22.366333                  25           24.999516
              CS100           22.365908                  25           24.998898
              CS101           22.365452                  25           24.999923
              CS102           22.365415                  25           24.999967
              CS103             22.3654                  25           24.999992
              CS104           22.365435                  25           25.000015
              CS105           22.365495                  25           24.999972
              CS106           22.365698                  25           25.000053
              CS107           22.365805                  25           24.999899
              CS108           22.366359                  25            25.00019
              CS109           22.366333                  25           24.999516
              CS110           22.365908                  25           24.998898
              CS111           22.365452                  25           24.999923
              CS112           22.365414                  25           24.999967
              CS113             22.3654                  25           24.999992
              CS114           22.365435                  25           25.000015
              CS115           22.365495                  25           24.999972
              CS116           22.365698                  25           25.000053
              CS117           22.365805                  25           24.999899
              CS118           22.366359                  25            25.00019
              CS119           22.366333                  25           24.999516
              CS120           22.365908                  25           24.998898
              CS121           22.365452                  25           24.999923
              CS122           22.365414                  25           24.999967
              CS123             22.3654                  25           24.999992
              CS124           22.365435                  25           25.000015
              CS125           22.365495                  25           24.999972
              CS126           22.365698                  25           25.000053
              CS127           22.365805                  25           24.999899
              CS128           22.366359                  25            25.00019
              CS129           22.366333                  25           24.999516
              CS130           22.365908                  25           24.998898
              CS131           22.365452                  25           24.999923
              CS132           22.365414                  25           24.999967
              CS133             22.3654                  25           24.999992
              CS134           22.365435                  25           25.000015
              CS135           22.365495                  25           24.999972
              CS136           22.365698                  25           25.000053
              CS137           22.365805                  25           24.999899
              CS138           22.366359                  25            25.00019
              CS139           22.366333                  25           24.999516
              CS140           22.365908                  25           24.998898
              CS141           22.365452                  25           24.999923
              CS142           22.365414                  25           24.999967
              CS143           22.365399                  25           24.999992
              CS144           22.365434                  25           25.000015
              CS145           22.365494                  25           24.999972
              CS146           22.365697                  25           25.000053
              CS147           22.365804                  25             24.9999
              CS148           22.366357                  25            25.00019
              CS149            22.36633                  25           24.999516
              CS150           22.365905                  25           24.998897
              CS151           22.365448                  25           24.999922
              CS152            22.36541                  25           24.999966
              CS153           22.365394                  25           24.999992
              CS154           22.365427                  25           25.000015
              CS155           22.365486                  25           24.999972
              CS156           22.365686                  25           25.000053
              CS157           22.365791                  25             24.9999
              CS158           22.366338                  25           25.000188
              CS159            22.36631                  25           24.999509
              CS160            22.36588                  25            24.99889
              CS161           22.365418                  25           24.999913
              CS162           22.365374                  25           24.999955
              CS163           22.365354                  25           24.999993
              CS164           22.365367                  25           25.000014
              CS165            22.36542                  25           24.999974
              CS166           22.365592                  25           25.000049
              CS167           22.365688                  25           24.999908
              CS168           22.366185                  25           25.000174
              CS169            22.36614                  25           24.999457
              CS170           22.365677                  25           24.998827
              CS171           22.365175                  25           24.999838
              CS172           22.365081                  25           24.999864
              CS173           22.365005                  25           24.999894
              CS174           22.364947                  25           24.999927
              CS175           22.364911                  25           24.999966
              CS176           22.364899                  25           25.000011
              CS177           22.364897                  25           24.999968
              CS178           22.365031                  25            25.00006
              CS179           22.364858                  25           24.999065
              CS180           22.364138                  25           24.998357
              CS181           22.363329                  25            24.99927
              CS182           22.362865                  25           24.999183
              CS183           22.362344                  25           24.999075
              CS184           22.361752                  25           24.998944
              CS185           22.361075                  25           24.998784
              CS186           22.360292                  25           24.998591
              CS187           22.359383                  25           24.998356
              CS188           22.358322                  25           24.998079
              CS189            22.35684                  25           24.996607
              CS190           22.354519                  25           24.995414
              CS191           22.351786                  25           24.995719
              CS192           22.349005                  25           24.994916
              CS193           22.345699                  25           24.993947
              CS194           22.341759                  25           24.992779
              CS195           22.337056                  25           24.991373
              CS196           22.331433                  25           24.989678
              CS197           22.324701                  25           24.987634
              CS198           22.316689                  25           24.985442
              CS199            22.29621                  25           24.930507
              CS200           22.366677                  25           25.131769
#end
