25.000000
25.000000
25.000000
25.000000
25.000000
25.000000
25.766914
29.361897
33.595483
38.374539
43.614957
49.240920
55.184193
61.383470
67.797613
74.356358
81.016963
87.741399
94.495938
101.250760
107.979610
114.659460
121.270230
127.785270
134.196680
140.492090
146.661060
152.186250
156.519740
159.787990
162.106470
163.580430
164.245700
164.262950
163.709910
162.657240
161.169030
159.303420
157.113030
154.645440
151.943610
149.031630
145.964180
142.771780
139.481800
136.118730
132.704390
129.258210
125.797390
122.337170
118.893290
115.476840
112.097760
108.764640
105.484880
102.264780
99.109667
96.023996
93.011400
90.081930
87.231050
84.460340
81.770907
79.163407
76.638107
74.194930
71.833481
69.553120
67.360146
65.246074
63.209610
61.249321
59.363649
57.550940
55.809462
54.137402
52.532920
50.999918
49.530367
48.122327
46.773869
45.483058
44.247973
43.066711
41.937378
40.858120
39.831342
38.850720
37.914520
37.021022
36.168561
35.355517
34.580291
33.841360
33.137230
32.469346
31.833186
31.227403
30.650683
30.101778
29.579473
29.082599
28.610021
28.160650
27.735384
27.331116
26.946890
26.581788
26.234932
25.905470
25.592587
25.295504
25.013490
25.000000
25.000000
25.000000
25.000000
25.000000
25.000000
25.000000
25.000000
25.000000
25.000000
25.000000
25.000000
25.000000
25.000000
25.000000
25.000000
25.000000
25.000000
25.000000
25.000000
25.000000
25.000000
25.000000
25.000000
25.000000
25.000000
25.000000
25.000000
25.000000
25.000000
25.000000
25.000000
25.000000
25.000000
25.000000
25.000000
25.000000
25.000000
25.000000
25.000000
25.000000
25.000000
25.000000
25.000000
25.000000
25.000000
25.000000
25.000000
25.000000
25.000000
25.000000
25.000000
25.000000
25.000000
25.000000
25.000000
25.000000
25.000000
25.000000
25.000000
25.000000
25.000000
25.000000
25.000000
25.000000
25.000000
25.000000
25.000000











































































































































































































































































































