// T					Q
0.00          2.2005268E+01
300.00        2.2201401E+01
600.00        2.2827696E+01
900.00        2.3896784E+01
1200.00       2.5416142E+01
1500.00       2.7390599E+01
1800.00       2.9823894E+01
2100.00       3.2718662E+01
2400.00       3.6076259E+01
2700.00       3.9896336E+01
3000.00       4.4176074E+01
3300.00       4.8909282E+01
3600.00       5.4085492E+01
3900.00       5.9689106E+01
4200.00       6.5697754E+01
4500.00       7.2080961E+01
4800.00       7.8798737E+01
5100.00       8.5800337E+01
5400.00       9.3023552E+01
5700.00       1.0039355E+02
6000.00       1.0782260E+02
6300.00       1.1521058E+02
6600.00       1.2244712E+02
6900.00       1.2941509E+02
7200.00       1.3599630E+02
7500.00       1.4207742E+02
7800.00       1.4755698E+02
8100.00       1.5235091E+02
8400.00       1.5639818E+02
8700.00       1.5966330E+02
9000.00       1.6213524E+02
9300.00       1.6382202E+02
9600.00       1.6474608E+02
9900.00       1.6494215E+02
10200.00      1.6445921E+02
10500.00      1.6336444E+02
10800.00      1.6174579E+02
11100.00      1.5970675E+02
11400.00      1.5735825E+02
11700.00      1.5480656E+02
12000.00      1.5212980E+02
12300.00      1.4935191E+02
12600.00      1.4643162E+02
12900.00      1.4328658E+02
13200.00      1.3985510E+02
13500.00      1.3616236E+02
13800.00      1.3233210E+02
14100.00      1.2851747E+02
14400.00      1.2481832E+02
14700.00      1.2126620E+02
15000.00      1.1786318E+02
15300.00      1.1461609E+02
15600.00      1.1154489E+02
15900.00      1.0865314E+02
16200.00      1.0591059E+02
16500.00      1.0325692E+02
16800.00      1.0059589E+02
17100.00      9.7813061E+01
17400.00      9.4806113E+01
17700.00      9.1520734E+01
18000.00      8.7986065E+01
18300.00      8.4326811E+01
18600.00      8.0742515E+01
18900.00      7.7454178E+01
19200.00      7.4637027E+01
19500.00      7.2357597E+01
19800.00      7.0558627E+01
20100.00      6.9094255E+01
20400.00      6.7782470E+01
20700.00      6.6444145E+01
21000.00      6.4928414E+01
21300.00      6.3134660E+01
21600.00      6.1031100E+01
21900.00      5.8658547E+01
22200.00      5.6120491E+01
22500.00      5.3566725E+01
22800.00      5.1168391E+01
23100.00      4.9079955E+01
23400.00      4.7399396E+01
23700.00      4.6144449E+01
24000.00      4.5256617E+01
24300.00      4.4626841E+01
24600.00      4.4125764E+01
24900.00      4.3631004E+01
25200.00      4.3046618E+01
25500.00      4.2313059E+01
25800.00      4.1408677E+01
26100.00      4.0344379E+01
26400.00      3.9154352E+01
26700.00      3.7886141E+01
27000.00      3.6593036E+01
27300.00      3.5328727E+01
27600.00      3.4143428E+01
27900.00      3.3079777E+01
28200.00      3.2167936E+01
28500.00      3.1422418E+01
28800.00      3.0841322E+01
29100.00      3.0407752E+01
29400.00      3.0092386E+01
29700.00      2.9856669E+01
30000.00      2.9656512E+01
30300.00      2.9447403E+01
30600.00      2.9190091E+01
30900.00      2.8856076E+01
31200.00      2.8431732E+01
31500.00      2.7920502E+01
31800.00      2.7342785E+01
32100.00      2.6733196E+01
32400.00      2.6135262E+01
32700.00      2.5593925E+01
33000.00      2.5148096E+01
33300.00      2.4824529E+01
33600.00      2.4633793E+01
33900.00      2.4568961E+01
34200.00      2.4607618E+01
34500.00      2.4716454E+01
34800.00      2.4857477E+01
35100.00      2.4996177E+01
35400.00      2.5107105E+01
35700.00      2.5175482E+01
36000.00      2.5198514E+01
36300.00      2.5184391E+01
36600.00      2.5149108E+01
36900.00      2.5111837E+01
37200.00      2.5089596E+01
37500.00      2.5092831E+01
37800.00      2.5123426E+01
38100.00      2.5175126E+01
38400.00      2.5235376E+01
38700.00      2.5288007E+01
39000.00      2.5316608E+01
39300.00      2.5307974E+01
39600.00      2.5255053E+01
39900.00      2.5159071E+01
40200.00      2.5030414E+01
40500.00      2.4887236E+01
40800.00      2.4749867E+01
41100.00      2.4636960E+01
41400.00      2.4562186E+01
41700.00      2.4532797E+01
42000.00      2.4549062E+01
42300.00      2.4604164E+01
42600.00      2.4687414E+01
42900.00      2.4787777E+01
43200.00      2.4895570E+01
43500.00      2.5003831E+01
43800.00      2.5109005E+01
44100.00      2.5210575E+01
44400.00      2.5309942E+01
44700.00      2.5408990E+01
45000.00      2.5508794E+01
45300.00      2.5608853E+01
45600.00      2.5707001E+01
45900.00      2.5799944E+01
46200.00      2.5884194E+01
46500.00      2.5957034E+01
46800.00      2.6017201E+01
47100.00      2.6065074E+01
47400.00      2.6102386E+01
47700.00      2.6131631E+01
48000.00      2.6155402E+01
48300.00      2.6175898E+01
48600.00      2.6194686E+01
48900.00      2.6212716E+01
49200.00      2.6230465E+01
49500.00      2.6248128E+01
49800.00      2.6265765E+01
50100.00      2.6283391E+01
50400.00      2.6301006E+01
50700.00      2.6318612E+01
51000.00      2.6336208E+01
51300.00      2.6353794E+01
51600.00      2.6371370E+01
51900.00      2.6388937E+01
52200.00      2.6406494E+01
52500.00      2.6424041E+01
52800.00      2.6441578E+01
53100.00      2.6459106E+01
53400.00      2.6476624E+01
53700.00      2.6494132E+01
54000.00      2.6511630E+01
