25.0000
25.0000
25.0000
25.0000
25.0000
25.0000
25.0000
25.0000
25.0000
25.0000
25.0000
25.0000
25.0000
25.0000
25.0000
25.0000
25.0000
25.0000
25.0000
25.0000
25.0000
25.0000
25.0000
25.0001
25.0003
25.0010
25.0033
25.0090
25.0221
25.0492
25.1024
25.2008
25.3797
25.6830
26.1786
26.9581
28.1534
29.9648
32.5580
36.1170
40.7514
46.4751
53.1648
60.6119
68.5525
76.7246
84.8712
92.8046
100.3426
107.3771
113.8280
119.6387
124.8043
129.3071
133.1663
136.4091
139.0552
141.1655
142.7584
143.8737
144.5544
144.8424
144.7798
144.3997
143.7240
142.7767
141.5837
140.1699
138.5678
136.8289
134.9349
132.9028
130.7987
128.6050
126.3187
124.0137
121.6506
119.2471
116.8471
114.4072
111.9931
109.5701
107.1502
104.7641
102.3687
100.0389
97.7077
95.4263
93.1747
90.9506
88.7847
86.6307
84.5567
82.5026
80.4983
78.5447
76.6134
74.7636
72.9358
71.1601
69.4364
67.7356
66.1117
64.5163
62.9542
61.4619
59.9937
58.5677
57.1983
55.8539
54.5517
53.3025
52.0775
50.8852
49.7528
48.6417
47.5542
46.5251
45.5221
44.5419
43.5922
42.6938
41.8132
40.9546
40.1271
39.3435
38.5764
37.8293
37.1036
36.4238
35.7614
35.1155
34.4885
33.8829
33.3174
32.7663
32.2303
31.7115
31.2120
30.7378
30.2954
29.8669
29.4548
29.0613
28.6881
28.3365
28.0091
27.7130
27.4353
27.1751
26.9330
26.7094
26.5044
26.3179
26.1492
25.9979
25.8631
25.7436
25.6385
25.5466
25.4668
25.3981
25.3391
25.2885
25.2452
25.2080
25.1767
25.1496
25.1263
25.1064
25.0893
25.0749
25.0626
25.0522
25.0435
25.0361
25.0300
25.0249
25.0206
25.0170
25.0141
