#time:                     54000
#                   A                   Q                Qnum
              CS000           22.006089           24.449515           24.445247
              CS001           22.003518            24.44561           24.441615
              CS002           22.001061           24.441706           24.437731
              CS003           21.998616           24.437802           24.433849
              CS004           21.996185           24.433897           24.429968
              CS005           21.993769           24.429992            24.42609
              CS006           21.991371           24.426086           24.422215
              CS007           21.988992           24.422179           24.418343
              CS008           21.986637            24.41827           24.414477
              CS009            21.98422            24.41436           24.410197
              CS010           21.981609           24.410451           24.406069
              CS011           21.978993           24.406544           24.402556
              CS012           21.976539           24.402639           24.398671
              CS013           21.974096           24.398735           24.394786
              CS014           21.971667            24.39483           24.390904
              CS015           21.969251           24.390925           24.387024
              CS016           21.966851            24.38702           24.383147
              CS017           21.964469           24.383115           24.379273
              CS018           21.962108           24.379208           24.375405
              CS019           21.959692           24.375301           24.371169
              CS020           21.957104           24.371395           24.367071
              CS021           21.954514           24.367493           24.363524
              CS022           21.952069           24.363594           24.359643
              CS023           21.949637           24.359695           24.355765
              CS024           21.947216           24.355798           24.351889
              CS025           21.944809           24.351902           24.348016
              CS026           21.942417           24.348007           24.344147
              CS027           21.940042           24.344112           24.340282
              CS028           21.937685           24.340218           24.336422
              CS029           21.935281           24.336324           24.332241
              CS030           21.932728           24.332434           24.328187
              CS031           21.930175           24.328549            24.32462
              CS032           21.927754           24.324669            24.32076
              CS033           21.925346           24.320791           24.316903
              CS034            21.92295           24.316917           24.313052
              CS035           21.920568           24.313047           24.309205
              CS036           21.918201           24.309179           24.305364
              CS037            21.91585           24.305315           24.301528
              CS038           21.913518           24.301454             24.2977
              CS039           21.911148           24.297597           24.293599
              CS040            21.90865           24.293746           24.289614
              CS041           21.906159           24.289903           24.286055
              CS042           21.903787           24.286069           24.282245
              CS043           21.901428           24.282241           24.278441
              CS044           21.899085           24.278421           24.274647
              CS045           21.896757           24.274608           24.270861
              CS046           21.894447           24.270803           24.267085
              CS047           21.892154           24.267006           24.263319
              CS048           21.889881           24.263217           24.259565
              CS049            21.88758           24.259438           24.255587
              CS050           21.885177            24.25567           24.251717
              CS051           21.882787           24.251916           24.248217
              CS052           21.880504           24.248177           24.244509
              CS053            21.87824            24.24445           24.240814
              CS054           21.875996           24.240738           24.237135
              CS055           21.873771           24.237041           24.233472
              CS056           21.871568           24.233359           24.229826
              CS057           21.869387           24.229693           24.226197
              CS058           21.867229           24.226043           24.222589
              CS059           21.865055           24.222411           24.218806
              CS060           21.862807             24.2188           24.215128
              CS061            21.86058           24.215213           24.211771
              CS062           21.858453            24.21165            24.20825
              CS063           21.856353            24.20811           24.204754
              CS064           21.854278           24.204595           24.201284
              CS065           21.852232           24.201106           24.197841
              CS066           21.850213           24.197644           24.194427
              CS067           21.848224            24.19421           24.191043
              CS068           21.846265           24.190806           24.187691
              CS069           21.844306           24.187432           24.184216
              CS070           21.842299           24.184093           24.180849
              CS071           21.840326           24.180792           24.177762
              CS072           21.838451           24.177529           24.174558
              CS073           21.836612           24.174304           24.171395
              CS074            21.83481           24.171121           24.168273
              CS075           21.833046           24.167979           24.165196
              CS076           21.831321           24.164881           24.162164
              CS077           21.829636           24.161829           24.159179
              CS078           21.827992           24.158824           24.156243
              CS079           21.826365           24.155868           24.153236
              CS080           21.824719           24.152966           24.150347
              CS081           21.823122            24.15012            24.14771
              CS082           21.821626           24.147333           24.145004
              CS083           21.820179           24.144604           24.142358
              CS084           21.818782           24.141937           24.139777
              CS085           21.817438           24.139334            24.13726
              CS086           21.816147           24.136797           24.134812
              CS087           21.814909           24.134328           24.132433
              CS088           21.813728           24.131929           24.130127
              CS089           21.812582           24.129604           24.127798
              CS090           21.811445           24.127355           24.125603
              CS091           21.810374           24.125188           24.123648
              CS092            21.80941           24.123103           24.121671
              CS093           21.808512           24.121102            24.11978
              CS094           21.807682           24.119188           24.117978
              CS095            21.80692           24.117364           24.116268
              CS096           21.806227           24.115633           24.114652
              CS097           21.805605           24.113996           24.113134
              CS098           21.805055           24.112458           24.111714
              CS099            21.80456            24.11102           24.110312
              CS100           21.804098           24.109685           24.109066
              CS101           21.803719           24.108458           24.108068
              CS102           21.803461           24.107342           24.107088
              CS103           21.803285           24.106337           24.106222
              CS104           21.803194           24.105434           24.105462
              CS105           21.803166           24.104657            24.10473
              CS106           21.803282           24.104036           24.104114
              CS107           21.803484           24.103569           24.103646
              CS108           21.803818           24.103257           24.103337
              CS109           21.804247           24.103107           24.103188
              CS110           21.804683           24.103121           24.103203
              CS111           21.805262           24.103304           24.103386
              CS112           21.806077           24.103659           24.103743
              CS113           21.806926            24.10419           24.104275
              CS114           21.807974           24.104902           24.104988
              CS115           21.809093           24.105797           24.105883
              CS116           21.810389           24.106881           24.106968
              CS117           21.811781           24.108156           24.108244
              CS118           21.813338           24.109628           24.109716
              CS119           21.815007           24.111299           24.111389
              CS120           21.816677           24.113171           24.113262
              CS121           21.818509           24.115244           24.115332
              CS122           21.820621           24.117524           24.117615
              CS123           21.822762           24.120014           24.120103
              CS124            21.82514           24.122716           24.122807
              CS125           21.827587           24.125633           24.125722
              CS126           21.830244           24.128768           24.128858
              CS127           21.832999           24.132124           24.132213
              CS128           21.835946           24.135702           24.135791
              CS129           21.839014           24.139506           24.139597
              CS130           21.842036           24.143533           24.143625
              CS131           21.845228           24.147779           24.147863
              CS132           21.848763            24.15225           24.152339
              CS133           21.852284           24.156947           24.157031
              CS134           21.856089           24.161872           24.161958
              CS135           21.859933           24.167025           24.167107
              CS136            21.86402           24.172406           24.172489
              CS137           21.868185           24.178016           24.178097
              CS138           21.872565           24.183857           24.183935
              CS139           21.877055           24.189927           24.190007
              CS140           21.881409           24.196219             24.1963
              CS141           21.885927           24.202726           24.202795
              CS142           21.890863           24.209452           24.209527
              CS143           21.895706           24.216398           24.216464
              CS144           21.900879            24.22356           24.223629
              CS145           21.906033           24.230938              24.231
              CS146           21.911458           24.238529           24.238591
              CS147           21.916916           24.246331           24.246389
              CS148           21.922604           24.254341           24.254397
              CS149            21.92837            24.26256           24.262616
              CS150           21.933866           24.270972           24.271029
              CS151           21.939506           24.279565           24.279606
              CS152           21.945646           24.288344           24.288392
              CS153           21.951578           24.297307           24.297343
              CS154           21.957885           24.306447           24.306486
              CS155           21.964086           24.315762           24.315792
              CS156           21.970578           24.325245           24.325275
              CS157           21.977037           24.334893           24.334918
              CS158           21.983731           24.344701           24.344721
              CS159           21.990454           24.354664           24.354686
              CS160           21.996733           24.364766           24.364787
              CS161           22.003124           24.374989           24.374992
              CS162           22.010102           24.385338           24.385348
              CS163           22.016727           24.395807           24.395804
              CS164            22.02377            24.40639           24.406389
              CS165           22.030596            24.41708           24.417069
              CS166           22.037728            24.42787           24.427858
              CS167           22.044741           24.438753           24.438736
              CS168           22.051987           24.449725           24.449703
              CS169           22.059195           24.460778           24.460757
              CS170           22.065762           24.471892           24.471871
              CS171           22.072396           24.483048           24.483007
              CS172           22.079704           24.494251           24.494218
              CS173            22.08649           24.505495           24.505447
              CS174           22.093728           24.516769           24.516724
              CS175           22.100618           24.528069           24.528014
              CS176           22.107812           24.539385           24.539329
              CS177            22.11478           24.550711            24.55065
              CS178           22.121952           24.562039           24.561974
              CS179           22.128991           24.573365           24.573302
              CS180           22.135154           24.584667           24.584603
              CS181           22.141298           24.595926           24.595843
              CS182           22.148147           24.607147           24.607072
              CS183           22.154238           24.618325           24.618236
              CS184           22.160725            24.62945           24.629365
              CS185           22.166629           24.640518           24.640424
              CS186           22.172691           24.651521           24.651426
              CS187           22.178251           24.662455           24.662361
              CS188           22.183752           24.673315           24.673206
              CS189           22.188765           24.684096           24.684017
              CS190           22.192284           24.694786           24.694655
              CS191           22.195359           24.705368           24.705331
              CS192           22.198326           24.715852           24.715609
              CS193           22.200074           24.726246           24.726407
              CS194           22.200257           24.736527            24.73594
              CS195           22.199532           24.746725           24.744076
              CS196           22.197425            24.75687           24.751626
              CS197           22.193615           24.766956           24.758594
              CS198           22.187811           24.776997           24.765127
              CS199           22.168991           24.787001            24.72026
              CS200           22.237861           24.797017           24.923303
#end
